00117   1.30   3.81   46 
00317   0.41   4.97   34 
00517   0.23   5.34   23 
00617   0.07   0.53  106 
00717   0.00   1.22  104 
00817   0.00   1.20   97 
00917   0.00   1.40   92 
01017   0.04   0.14  105 
01117   0.06   1.52   47 
01217   0.14   2.04  104 
01317   0.00   5.18  105 
01417   0.03   0.27  105 
01517   0.04   0.52  106 
01617   0.03   0.13  106 
01717   0.02   0.39  106 
01817   0.03   0.13  103 
01917   0.05   0.17  103 
02017   0.00   3.06  102 
02117   0.00   4.78   33 
02217   0.00   0.63  104 
02317   0.00   1.26  108 
02417   0.03   0.15  106 
02517   0.07   1.27   81 
02617   0.00   4.79  111 
02717   0.03   0.14  112 
02817   0.03   0.14  110 
02917   0.03   0.14  112 
04717   0.00   0.53   62 
04817   0.05   0.27  118 
04917   0.04   0.17   77 
05017   0.03   0.16  119 
05117   0.00   1.92   98 
05217   0.00   6.58   53 
05417   0.00   1.69   89 
05517   0.17   3.61  103 
05617   0.04   0.20  114 
05717   0.03   0.18  112 
05817   0.03   0.38  115 
05917   0.04   0.91  112 
06017   0.04   0.37  114 
06117   0.07   0.25   79 
06217   0.04   0.50  117 
06317   0.04   0.19  112 
08017   0.00   0.26   61 
08117   0.06   2.59  113 
08217   0.00   1.78  118 
08317   0.00   0.19  118 
08417   0.00   1.21  118 
08517   0.00   2.45  108 
08617   0.00   0.09  119 
08717   0.00   0.16  119 
08817   0.00   0.29  119 
08917   0.00   1.68   94 
09017   0.00   0.64  100 
09217   0.00   0.19  121 
09317   0.00   0.49  111 
09417   0.00   0.08  121 
09517   0.00   0.41  121 
09617   0.00   0.10  125 
09717   0.00   0.09  125 
09817   0.00   0.10  126 
09917   0.00   0.11  126 
10017   0.00   6.44  124 
10117   0.00   2.50  121 
10217   0.00   0.60  127 
10317   0.00   0.11  123 
10417   0.00   2.47  119 
10517   0.00   5.38  111 
10617   0.07   5.54   99 
10717   0.00   0.16  128 
10917   0.00   0.24  126 
11017   0.00   0.35  129 
11117   0.00   0.14  131 
11217   0.00   1.39  130 
11317   0.00   0.24  129 
11417   0.00   0.64  129 
11517   0.00   6.04  121 
11617   0.00   8.67  119 
11717   0.00   8.23  103 
11817   0.00   8.64  123 
11917   0.00   8.25   99 
12017   0.00   0.23  133 
12117   0.00   0.16  133 
12217   0.00   2.76  115 
12317   0.00   0.17  101 
12417   0.00   5.85  113 
12517   0.00   0.73  134 
12617   0.00   6.20  120 
12717   0.00   0.08  134 
12817   0.00   1.32  131 
12917   0.24   5.01  117 
13017   0.00   4.63   98 
13117   0.00   7.81  111 
13217   0.00   4.16  126 
13317   0.00   0.10  130 
13417   0.00   0.26  129 
13517   0.00   3.00  129 
13617   0.00   2.59   83 
13717   0.00   0.10  131 
13817   0.00   0.08  131 
13917   0.00   0.25  130 
14017   0.00   0.17  129 
14117   0.00   0.27  129 
14217   0.00   0.09  130 
14317   0.00   1.02  130 
14717   0.68   4.28   67 
14817   0.00   6.66  105 
15017   0.12   0.28  121 
15117   0.14   0.30  142 
15217   0.30   0.47  146 
15317   0.24   1.08  146 
15417   0.03   0.72  125 
15517   0.05   0.80   85 
15617   0.04   0.19   98 
15717   0.03   0.17   98 
15817   0.03   0.20   83 
15917   0.06   2.40   60 
16417   0.00   0.11   82 
16517   0.00   0.08  134 
16617   0.00   0.09   66 
16717   0.00   0.12  135 
16817   0.00   0.10  135 
16917   0.00   0.09  135 
17017   0.00   0.09  135 
17117   0.00   0.10  132 
17217   0.00   1.47  134 
17317   0.32   6.62   74 
17417   0.00   8.50  105 
17517   0.38   7.99  114 
17617   0.00   6.79  129 
17717   0.00   1.63  125 
17817   0.27   0.43  132 
18017   0.00   0.08  125 
18117   0.00   0.08  134 
18617   0.00   0.11  101 
18917   0.00   0.13  134 
19017   0.00   0.12  133 
19117   0.00   0.21  125 
19217   0.00   0.25  133 
19317   0.00   0.23  133 
19417   0.00   0.26  133 
19517   0.00   6.42  126 
19617   0.00   2.24  129 
19717   0.00   5.88  130 
19817   0.30   0.64  130 
19917   0.15   0.28  133 
20017   0.00   0.11  133 
20117   0.00   0.07  133 
20217   0.00   0.07  133 
20317   0.00   0.10  133 
20417   0.00   0.12  133 
20517   0.15   0.46  130 
20617   0.16   0.29   59 
20717   0.20   0.39  132 
20817   0.18   0.31  132 
21117   0.00   0.22  133 
21217   0.00   0.07   82 
21317   0.00   0.08  132 
21417   0.00   0.07  132 
21517   0.00   0.07  132 
21617   0.00   0.07  132 
21717   0.00   0.09  130 
21817   0.00   0.42  132 
21917   0.63   1.49  123 
22017   0.34   0.66   75 
22117   0.19   0.30  130 
22217   0.14   0.27  131 
22317   0.00   0.22  127 
22417   0.00   0.14  131 
22517   0.00   0.18  131 
22617   0.00   0.13  126 
22717   0.00   0.12  130 
22817   0.00   0.17  130 
22917   0.00   0.15  129 
23017   0.00   0.51  130 
23117   0.00   0.19  127 
23217   0.00   6.85  117 
23317   0.46   0.96  119 
23417   0.27   2.89  123 
23517   0.19   0.38   83 
23617   0.00   0.20  129 
23717   0.21   8.07  109 
23817   0.25   8.21  122 
23917   0.00   6.83   94 
24017   0.00   2.26  126 
24117   0.00   1.08  128 
24217   0.00   0.08  112 
24317   0.00   0.08  126 
24417   0.00   2.21  119 
24517   0.00   0.79  126 
24617   0.00   0.21  121 
24717   0.09   0.56  124 
24817   0.00   0.34  124 
24917   0.00   0.07  105 
25017   0.00   0.15   74 
25117   0.00   1.06  111 
25217   0.00   0.23  106 
25317   0.00   0.13  122 
25417   0.00   0.07  122 
25517   0.00   0.14  122 
25617   0.00   0.10  115 
25717   0.00   6.18  106 
25817   0.00   8.19  100 
25917   0.03   4.29  107 
26017   0.00   6.88  116 
26117   0.29   0.48  116 
26217   0.10   5.03  115 
26317   0.13   6.11  117 
26417   0.00   0.28  120 
26517   0.00   0.08  120 
26617   0.22   4.10  106 
26717   0.02   1.17  112 
26817   0.00   7.52   87 
26917   0.00   7.30   84 
27017   0.00   0.46   65 
27117   0.00   0.11   94 
27217   0.00   0.07   80 
27317   0.00   0.81  112 
27417   0.00   0.07  110 
27517   0.00   0.07  111 
27617   0.00   0.07  114 
27717   0.00   0.07  114 
27817   0.00   0.11  104 
27917   0.00   0.17  114 
28017   0.00   0.06  114 
28117   0.00   7.15   95 
28217   0.00   2.09  103 
28317   0.00   0.89  100 
28417   0.01   0.14  108 
28517   0.08   4.72  100 
28617   0.21   6.39   98 
28717   0.34   6.59   45 
28817   0.00   5.97   77 
29017   0.00   5.88   50 
29117   0.00   0.65  107 
29217   0.00   0.07   97 
29317   0.00   0.08  107 
29417   0.00   1.42  107 
29517   0.00   3.06  104 
29617   0.00   3.81  107 
29717   0.01   4.83  104 
29817   0.00   0.56   85 
29917   0.11   3.72  105 
30017   0.00   1.16   54 
30117   0.00   3.12   94 
30217   0.00   0.07  112 
30317   0.00   0.06  110 
30417   0.00   0.06   79 
30517   0.00   0.12  112 
30617   0.00   1.30  111 
30717   0.00   5.27  111 
30817   0.00   6.14   91 
30917   0.00   5.88   83 
31017   0.00   4.59  109 
31117   0.00   5.60   98 
