00117 254.1  +2.7  -0.7  +0.8  8/ 46 200 14 231.8  +2.4  -2.7  +2.1 17/ 36 227 10
00317 259.4  +5.7   1.5  +1.6 11/ 34 311 16   0.0  +0.0   0.0  +0.0  0/  1   0  0
00517 281.4  +6.8  -0.1  +0.4  5/ 23 262 15 273.3  +5.7   1.3  +3.8 15/ 29 180 14
00617 286.5  +1.2  -0.8  +0.2 90/106 210 13   0.0  +0.0   0.0  +0.0  0/  1   0  0
00717 285.3  +2.3  -0.8  +0.2 88/103 207 13   0.0  +0.0   0.0  +0.0  0/  6   0  0
00817 281.6  +4.1  -0.9  +0.3 80/ 95 207 12   0.0  +0.0   0.0  +0.0  0/  7   0  0
00917 265.4  +2.9  -0.8  +0.2 72/ 91 212 13   0.0  +0.0   0.0  +0.0  0/  4   0  0
01017 253.6  +2.6  -0.8  +0.3 90/105 207 13   0.0  +0.0   0.0  +0.0  0/  3   0  0
01117 261.4  +1.9  -0.8  +0.4 30/ 48 258 14   0.0  +0.0   0.0  +0.0  0/  4   0  0
01217 267.8  +2.2  -1.1  +0.4 92/105 207 12   0.0  +0.0   0.0  +0.0  0/  7   0  0
01317 260.7  +1.8  -1.0  +0.4 69/ 99 218 12   0.0  +0.0   0.0  +0.0  0/  4   0  0
01417 274.4  +1.9  -0.8  +0.3 89/105 203 13   0.0  +0.0   0.0  +0.0  0/  3   0  0
01517 280.6  +3.6  -0.7  +0.3 90/106 203 13   0.0  +0.0   0.0  +0.0  0/  3   0  0
01617 270.9  +1.5  -0.9  +0.3 90/106 202 13   0.0  +0.0   0.0  +0.0  0/  3   0  0
01717 283.9  +3.0  -0.8  +0.2 89/106 202 12   0.0  +0.0   0.0  +0.0  0/  3   0  0
01817 307.3  +4.1  -0.7  +0.3 88/104 200 13   0.0  +0.0   0.0  +0.0  0/  3   0  0
01917 285.0  +2.2  -0.9  +0.3 89/103 201 13   0.0  +0.0   0.0  +0.0  0/  3   0  0
02017 284.8  +3.0  -0.7  +0.4 37/ 91 227 10   0.0  +0.0   0.0  +0.0  0/  7   0  0
02117 287.4  +3.8  -0.8  +0.3 19/ 31 183 11 283.8  +5.7  -5.7  +5.3 16/ 26 229 16
02217 295.1  +2.5  -0.7  +0.2 87/102 196 13   0.0  +0.0   0.0  +0.0  0/  8   0  0
02317 288.0  +1.9  -0.8  +0.2 63/105 202 12   0.0  +0.0   0.0  +0.0  0/  4   0  0
02417 291.6  +2.1  -0.7  +0.3 87/106 202 12   0.0  +0.0   0.0  +0.0  0/  1   0  0
02517 291.7  +3.5  -0.7  +0.3 74/ 81 181 13   0.0  +0.0   0.0  +0.0  0/  5   0  0
02617 283.4  +3.5  -0.7  +0.4 15/ 97 201 12   0.0  +0.0   0.0  +0.0  0/  3   0  0
02717 277.0  +4.1  -0.7  +0.3 92/112 194 12   0.0  +0.0   0.0  +0.0  0/  1   0  0
02817 282.7  +3.6  -0.7  +0.3 90/111 193 13   0.0  +0.0   0.0  +0.0  0/  1   0  0
02917 276.3  +2.3  -0.8  +0.3 92/112 193 12   0.0  +0.0   0.0  +0.0  0/  1   0  0
04717 274.2  +0.9  -1.0  +0.4 50/ 60 171 15   0.0  +0.0   0.0  +0.0  0/  1   0  0
04817 283.4  +3.6  -0.9  +0.4 %101/118 178 12   0.0  +0.0   0.0  +0.0  0/  1   0  0
04917 308.6  +5.8  -0.8  +0.4 66/ 77 171 14   0.0  +0.0   0.0  +0.0  0/  2   0  0
05017 265.7  +2.3  -1.0  +0.4 %102/119 178 13   0.0  +0.0   0.0  +0.0  0/  1   0  0
05117 279.2  +5.9  -1.0  +0.5 38/ 92 181 12 282.7  +0.0  -9.3  +0.0  1/ 14 278 17
05217 297.9 +14.1  -2.4  +2.5  2/ 52 189 10 293.2  +7.0  -7.9  +8.2 18/ 48 229 13
05417 334.7  +6.3  -0.8  +0.4 50/ 88 171 13   0.0  +0.0   0.0  +0.0  0/  9   0  0
05517 323.6  +2.2  -0.8  +0.4 69/102 197 13   0.0  +0.0   0.0  +0.0  0/  2   0  0
05617 334.0  +5.2  -0.9  +0.4 94/114 175 13   0.0  +0.0   0.0  +0.0  0/  1   0  0
05717 314.4  +2.7  -0.9  +0.4 96/113 172 13   0.0  +0.0   0.0  +0.0  0/  1   0  0
05817 304.1  +4.1  -0.9  +0.4 98/115 172 13   0.0  +0.0   0.0  +0.0  0/  1   0  0
05917 315.5  +2.6  -0.8  +0.4 99/113 173 13   0.0  +0.0   0.0  +0.0  0/  4   0  0
06017 284.5  +4.2  -1.0  +0.4 96/114 172 13   0.0  +0.0   0.0  +0.0  0/  2   0  0
06117 275.1  +2.8  -0.9  +0.4 65/ 79 198 13   0.0  +0.0   0.0  +0.0  0/  1   0  0
06217 287.0  +2.6  -1.0  +0.4 96/117 174 13   0.0  +0.0   0.0  +0.0  0/  0   0  0
06317 307.2  +4.8  -1.0  +0.3 97/112 168 12   0.0  +0.0   0.0  +0.0  0/  1   0  0
08017 286.1  +4.5  -0.9  +0.3 52/ 61 159 15   0.0  +0.0   0.0  +0.0  0/  1   0  0
08117 308.5  +9.9  -1.0  +0.6 %101/112 160 13   0.0  +0.0   0.0  +0.0  0/  6   0  0
08217 335.3  +3.8  -0.5  +0.4 72/113 175 12   0.0  +0.0   0.0  +0.0  0/  1   0  0
08317 330.3  +3.6  -0.7  +0.4 %104/118 158 13   0.0  +0.0   0.0  +0.0  0/  1   0  0
08417 339.5  +7.2  -0.6  +0.3 82/115 173 13   0.0  +0.0   0.0  +0.0  0/  1   0  0
08517 306.0  +1.7  -1.0  +0.5 92/108 156 12 332.1  +0.0 -27.6  +0.0  1/  8 366 18
08617 319.2  +5.2  -0.7  +0.4 %106/119 156 13   0.0  +0.0   0.0  +0.0  0/  1   0  0
08717 301.0  +1.4  -0.6  +0.3 %104/119 156 13   0.0  +0.0   0.0  +0.0  0/  1   0  0
08817 306.7  +6.1  -0.6  +0.3 %104/119 156 13   0.0  +0.0   0.0  +0.0  0/  1   0  0
08917 298.1  +3.7  -0.9  +0.6 78/ 93 178 13   0.0  +0.0   0.0  +0.0  0/  1   0  0
09017 290.4  +1.7  -0.7  +0.3 87/103 148 12   0.0  +0.0   0.0  +0.0  0/  0   0  0
09217 286.6  +1.6  -0.9  +0.3 %108/121 151 13   0.0  +0.0   0.0  +0.0  0/  1   0  0
09317 287.3  +2.3  -0.8  +0.3 91/111 159 13   0.0  +0.0   0.0  +0.0  0/  2   0  0
09417 289.4  +2.1  -0.7  +0.3 95/121 161 12   0.0  +0.0   0.0  +0.0  0/  2   0  0
09517 294.1  +4.7  -0.8  +0.3 %102/121 155 12   0.0  +0.0   0.0  +0.0  0/  3   0  0
09617 323.3  +2.6  -0.7  +0.3 %100/125 154 12   0.0  +0.0   0.0  +0.0  0/  1   0  0
09717 308.4  +2.1  -0.8  +0.3 97/125 157 12   0.0  +0.0   0.0  +0.0  0/  1   0  0
09817 309.6  +4.8  -0.7  +0.3 98/126 156 12   0.0  +0.0   0.0  +0.0  0/  1   0  0
09917 321.0  +2.1  -0.7  +0.3 91/126 160 12   0.0  +0.0   0.0  +0.0  0/  1   0  0
10017 323.5  +5.5  -0.8  +0.3 75/117 159 11   0.0  +0.0   0.0  +0.0  0/  3   0  0
10117 305.1  +2.7  -1.0  +0.6 96/120 155 12   0.0  +0.0   0.0  +0.0  0/  5   0  0
10217 303.3  +6.1  -0.7  +0.3 99/127 156 12   0.0  +0.0   0.0  +0.0  0/  1   0  0
10317 290.8  +3.6  -0.8  +0.3 97/123 154 12   0.0  +0.0   0.0  +0.0  0/  1   0  0
10417 285.8  +1.7  -0.8  +0.4 97/119 155 12   0.0  +0.0   0.0  +0.0  0/  7   0  0
10517 279.6  +2.6  -1.2  +0.6 86/109 146 12 273.0  +0.0 -14.6  +0.0  1/ 16 372 18
10617 281.7  +2.3  -1.1  +0.5 71/ 99 134 14 277.5  +6.4  -6.2  +4.9 15/ 25 233  8
10717 286.0  +1.7  -0.7  +0.3 99/128 154 12   0.0  +0.0   0.0  +0.0  0/  1   0  0
10917 299.3  +2.9  -0.9  +0.3 93/126 158 12   0.0  +0.0   0.0  +0.0  0/  0   0  0
11017 299.2  +2.9  -0.8  +0.3 %100/129 153 12   0.0  +0.0   0.0  +0.0  0/  1   0  0
11117 300.2  +2.9  -0.7  +0.3 %100/131 155 12   0.0  +0.0   0.0  +0.0  0/  0   0  0
11217 297.1  +4.6  -0.7  +0.4 %101/131 153 12   0.0  +0.0   0.0  +0.0  0/  1   0  0
11317 312.0  +4.4  -0.7  +0.3 91/127 158 12   0.0  +0.0   0.0  +0.0  0/  0   0  0
11417 304.8  +2.3  -0.6  +0.3 %106/129 151 12   0.0  +0.0   0.0  +0.0  0/  4   0  0
11517 304.5  +4.8  -0.6  +0.4 57/110 162 10 290.0  +2.8   0.6  +1.1  4/ 10 174 16
11617 299.9  +4.7  -0.7  +0.3 28/105 214 10 270.3  +0.0   9.5  +0.0  1/ 12 104 12
11717 315.7  +2.7  -0.5  +1.2 39/ 94 192  9 315.8  +6.9  -1.5  +6.3  7/ 24 183 16
11817 351.5  +8.7  -0.7  +0.4 34/119 218 11 340.4  +1.2  -2.4  +3.9  3/  9 182 14
11917 354.1  +7.5  -0.8  +0.4 20/ 93 182  9 331.8  +6.8  -2.1  +4.0 12/ 28 180 17
12017 336.7  +7.5  -0.7  +0.4 %104/133 152 12   0.0  +0.0   0.0  +0.0  0/  1   0  0
12117 310.7  +2.0  -0.8  +0.3 %101/133 153 12   0.0  +0.0   0.0  +0.0  0/  1   0  0
12217 320.4  +3.7  -0.6  +0.4 92/115 140 13 337.8  +3.2 -17.8  +2.7  2/ 16 295  8
12317 306.8  +2.5  -0.7  +0.3 77/101 144 13   0.0  +0.0   0.0  +0.0  0/  1   0  0
12417 305.4  +4.4  -0.8  +0.4 44/101 177  9 309.5  +2.1  -7.3  +1.7  5/ 18 238 17
12517 307.0  +4.8  -0.7  +0.3 %104/134 150 12   0.0  +0.0   0.0  +0.0  0/  1   0  0
12617 302.2  +2.0  -1.0  +0.5 77/118 149 11 308.6  +0.0  -6.6  +0.0  1/ 10 229 17
12717 300.9  +2.3  -0.8  +0.3 %105/134 150 12   0.0  +0.0   0.0  +0.0  0/  1   0  0
12817 281.8  +2.4  -1.0  +0.4 %100/128 146 12 270.4  +0.0  -9.4  +0.0  1/  4 326 18
12917 293.9  +7.5  -1.3  +1.4 19/117 149 10   0.0  +0.0   0.0  +0.0  0/ 10   0  0
13017 298.3  +2.8  -0.8  +0.4 62/ 93 167 10   0.0  +0.0   0.0  +0.0  0/ 11   0  0
13117 303.2  +1.6  -0.7  +0.2 32/101 212  8 287.5 +10.1  -1.9  +8.2  9/ 23 175 16
13217 300.0  +3.7  -1.1  +0.5 79/121 143 11 328.3  +9.8 -26.3  +8.4  2/ 10 360 18
13317 323.7  +3.2  -0.8  +0.4 %102/130 150 12   0.0  +0.0   0.0  +0.0  0/  0   0  0
13417 302.1  +3.6  -0.7  +0.3 %101/129 152 12   0.0  +0.0   0.0  +0.0  0/  1   0  0
13517 287.6  +1.7  -1.0  +0.5 %106/129 147 12   0.0  +0.0   0.0  +0.0  0/  1   0  0
13617 274.4  +2.7  -1.3  +0.6 64/ 83 175 13   0.0  +0.0   0.0  +0.0  0/  1   0  0
13717 275.1  +2.5  -0.8  +0.3 97/131 154 12   0.0  +0.0   0.0  +0.0  0/  0   0  0
13817 282.4  +6.3  -0.9  +0.3 95/131 155 12   0.0  +0.0   0.0  +0.0  0/  0   0  0
13917 291.2  +7.5  -0.7  +0.3 94/130 150 12   0.0  +0.0   0.0  +0.0  0/  2   0  0
14017 278.7  +1.6  -0.7  +0.3 %102/130 148 12   0.0  +0.0   0.0  +0.0  0/  2   0  0
14117 292.4  +5.2  -0.6  +0.3 95/129 149 12   0.0  +0.0   0.0  +0.0  0/  2   0  0
14217 309.0  +3.7  -0.5  +0.3 %100/130 148 12   0.0  +0.0   0.0  +0.0  0/  2   0  0
14317 289.7  +3.1  -0.6  +0.3 99/130 149 12   0.0  +0.0   0.0  +0.0  0/  2   0  0
14717 329.7  +2.4  -1.6  +0.8 60/ 67 124 14   0.0  +0.0   0.0  +0.0  0/  8   0  0
14817 334.4  +2.1  -0.8  +0.5 61/ 98 130 13 335.5  +6.0 -13.3  +6.4  2/ 15 279  7
15017 337.2  +3.2  -0.0  +0.4 %106/122 134 12   0.0  +0.0   0.0  +0.0  0/  3   0  0
15117 338.8  +6.4  -0.0  +0.4 %124/144 144 12   0.0  +0.0   0.0  +0.0  0/  5   0  0
15217 334.2  +2.1   0.1  +0.4 %128/146 145 12   0.0  +0.0   0.0  +0.0  0/  7   0  0
15317 325.9  +2.0  -0.4  +0.4 %127/146 143 12   0.0  +0.0   0.0  +0.0  0/  7   0  0
15417 336.3  +2.8  -0.3  +0.4 %116/127 136 11   0.0  +0.0   0.0  +0.0  0/  8   0  0
15517 353.3  +2.7  -0.5  +0.4 70/ 85 151 12   0.0  +0.0   0.0  +0.0  0/  5   0  0
15617 329.2  +3.2  -0.3  +0.4 84/ 98 141 12   0.0  +0.0   0.0  +0.0  0/  3   0  0
15717 318.8  +3.2  -0.3  +0.4 87/ 98 141 12   0.0  +0.0   0.0  +0.0  0/  4   0  0
15817 329.5  +1.8  -0.1  +0.4 66/ 84 131 11   0.0  +0.0   0.0  +0.0  0/  5   0  0
15917 327.6  +3.1  -0.2  +0.8 52/ 59 141 10   0.0  +0.0   0.0  +0.0  0/  0   0  0
16417 296.4  +5.0  -0.8  +0.3 63/ 82 137 15   0.0  +0.0   0.0  +0.0  0/  1   0  0
16517 288.1  +3.1  -0.8  +0.3 97/134 150 12   0.0  +0.0   0.0  +0.0  0/  2   0  0
16617 285.7  +1.2  -0.7  +0.3 52/ 66 182 11   0.0  +0.0   0.0  +0.0  0/  0   0  0
16717 284.1  +2.3  -0.9  +0.3 %104/135 147 12   0.0  +0.0   0.0  +0.0  0/  1   0  0
16817 290.0  +2.6  -0.6  +0.3 %103/135 149 12   0.0  +0.0   0.0  +0.0  0/  1   0  0
16917 285.2  +2.2  -0.6  +0.3 %104/135 148 12   0.0  +0.0   0.0  +0.0  0/  1   0  0
17017 282.2  +3.7  -0.5  +0.3 97/135 152 12   0.0  +0.0   0.0  +0.0  0/  1   0  0
17117 283.2  +2.1  -0.8  +0.3 %102/132 149 13   0.0  +0.0   0.0  +0.0  0/  1   0  0
17217 274.3  +2.5  -0.9  +0.3 %100/131 148 12   0.0  +0.0   0.0  +0.0  0/  2   0  0
17317 271.2  +3.9  -1.1  +0.8 31/ 72 163 13 262.8 +10.2  -3.6  +6.1  5/ 22 224 14
17417 278.5  +1.9  -1.0  +0.4 55/102 143 13 270.3  +6.9  -5.2  +4.7  9/ 26 232  8
17517 275.6  +2.1  -1.1  +0.7 55/114 148 10 271.9  +5.9  -5.7  +4.1  5/ 18 239 18
17617 283.9  +2.3  -1.0  +0.7 80/124 144 12   0.0  +0.0   0.0  +0.0  0/  7   0  0
17717 279.8  +1.2  -0.8  +0.4 %105/125 143 13   0.0  +0.0   0.0  +0.0  0/  8   0  0
17817 275.7  +1.3  -0.8  +0.4 %115/132 143 13   0.0  +0.0   0.0  +0.0  0/  4   0  0
18017 285.0  +2.9  -0.8  +0.4 98/125 155 12   0.0  +0.0   0.0  +0.0  0/  1   0  0
18117 283.1  +2.2  -0.8  +0.3 %103/134 149 13   0.0  +0.0   0.0  +0.0  0/  1   0  0
18617 293.6  +2.2  -0.8  +0.3 75/102 173 13   0.0  +0.0   0.0  +0.0  0/  1   0  0
18917 296.7  +2.1  -0.8  +0.3 %102/134 150 12   0.0  +0.0   0.0  +0.0  0/  1   0  0
19017 295.1  +1.6  -0.7  +0.3 %102/133 149 13   0.0  +0.0   0.0  +0.0  0/  1   0  0
19117 297.6  +3.8  -0.8  +0.3 95/127 151 13   0.0  +0.0   0.0  +0.0  0/  1   0  0
19217 314.5  +5.2  -0.6  +0.3 98/133 152 13   0.0  +0.0   0.0  +0.0  0/  1   0  0
19317 295.7  +3.3  -0.7  +0.3 %100/133 149 13   0.0  +0.0   0.0  +0.0  0/  1   0  0
19417 286.0  +1.3  -0.6  +0.3 %107/133 150 12   0.0  +0.0   0.0  +0.0  0/  2   0  0
19517 289.4  +1.5  -1.1  +0.9 95/121 153 12   0.0  +0.0   0.0  +0.0  0/  9   0  0
19617 286.3  +1.2  -1.0  +0.5 %105/128 149 12   0.0  +0.0   0.0  +0.0  0/  6   0  0
19717 291.2  +2.1  -0.8  +0.5 99/128 156 12   0.0  +0.0   0.0  +0.0  0/  5   0  0
19817 288.8  +1.4  -0.8  +0.4 %113/131 146 12   0.0  +0.0   0.0  +0.0  0/  3   0  0
19917 294.2  +1.8  -0.7  +0.4 %117/133 143 12   0.0  +0.0   0.0  +0.0  0/  2   0  0
20017 296.3  +2.0  -0.6  +0.4 %105/133 151 12   0.0  +0.0   0.0  +0.0  0/  1   0  0
20117 290.8  +2.0  -0.8  +0.3 97/133 157 12   0.0  +0.0   0.0  +0.0  0/  1   0  0
20217 294.4  +2.8  -1.0  +0.3 %105/133 152 12   0.0  +0.0   0.0  +0.0  0/  1   0  0
20317 303.6  +1.1  -0.7  +0.3 %102/133 154 12   0.0  +0.0   0.0  +0.0  0/  1   0  0
20417 298.4  +1.7  -0.8  +0.3 %105/133 151 12   0.0  +0.0   0.0  +0.0  0/  1   0  0
20517 286.4  +1.7  -0.9  +0.4 %116/131 145 13   0.0  +0.0   0.0  +0.0  0/  4   0  0
20617 286.2  +1.5  -0.6  +0.3 52/ 60 177 14   0.0  +0.0   0.0  +0.0  0/  2   0  0
20717 284.3  +1.1  -0.7  +0.3 %115/132 146 12   0.0  +0.0   0.0  +0.0  0/  4   0  0
20817 282.8  +1.6  -0.9  +0.4 %116/132 146 12   0.0  +0.0   0.0  +0.0  0/  4   0  0
21117 285.6  +2.9  -0.9  +0.3 %106/133 151 12   0.0  +0.0   0.0  +0.0  0/  3   0  0
21217 295.2  +1.2  -0.7  +0.3 61/ 82 175 14   0.0  +0.0   0.0  +0.0  0/  3   0  0
21317 295.3  +1.7  -0.6  +0.3 %103/132 153 12   0.0  +0.0   0.0  +0.0  0/  3   0  0
21417 287.2  +2.0  -0.7  +0.3 %104/132 152 12   0.0  +0.0   0.0  +0.0  0/  2   0  0
21517 286.9  +2.0  -0.7  +0.3 %105/132 150 12   0.0  +0.0   0.0  +0.0  0/  2   0  0
21617 292.4  +1.7  -0.5  +0.3 %102/132 153 12   0.0  +0.0   0.0  +0.0  0/  2   0  0
21717 286.4  +1.4  -0.5  +0.4 98/131 154 12   0.0  +0.0   0.0  +0.0  0/  2   0  0
21817 286.5  +0.9  -0.6  +0.3 %103/132 154 12   0.0  +0.0   0.0  +0.0  0/  2   0  0
21917 283.0  +1.7  -1.0  +0.5 %105/124 147 13   0.0  +0.0   0.0  +0.0  0/  8   0  0
22017 280.6  +1.0  -0.8  +0.4 68/ 75 141 10   0.0  +0.0   0.0  +0.0  0/  2   0  0
22117 280.8  +1.1  -0.6  +0.3 %111/131 146 12   0.0  +0.0   0.0  +0.0  0/  1   0  0
22217 281.9  +0.9  -0.5  +0.3 %113/131 146 12   0.0  +0.0   0.0  +0.0  0/  1   0  0
22317 277.4  +1.6  -0.8  +0.3 %105/127 151 12   0.0  +0.0   0.0  +0.0  0/  1   0  0
22417 279.9  +1.5  -0.7  +0.3 99/131 154 12   0.0  +0.0   0.0  +0.0  0/  1   0  0
22517 282.7  +1.0  -0.7  +0.3 96/131 156 12   0.0  +0.0   0.0  +0.0  0/  1   0  0
22617 283.0  +1.6  -0.6  +0.3 98/127 152 12   0.0  +0.0   0.0  +0.0  0/  1   0  0
22717 287.8  +1.1  -0.6  +0.3 94/130 155 12   0.0  +0.0   0.0  +0.0  0/  1   0  0
22817 286.6  +4.2  -0.2  +3.2 %103/130 151 12   0.0  +0.0   0.0  +0.0  0/  1   0  0
22917 285.7  +1.4  -0.6  +0.3 96/129 154 12   0.0  +0.0   0.0  +0.0  0/  1   0  0
23017 285.4  +1.0  -0.5  +0.3 98/130 153 12   0.0  +0.0   0.0  +0.0  0/  1   0  0
23117 284.7  +1.4  -0.6  +0.4 94/128 156 12   0.0  +0.0   0.0  +0.0  0/  1   0  0
23217 277.8  +1.2  -0.8  +0.3 88/116 149 12 259.9  +0.0  -1.0  +0.0  1/  7 233 17
23317 279.5  +4.6  -0.3  +4.0 %103/119 149 12   0.0  +0.0   0.0  +0.0  0/  5   0  0
23417 275.7  +1.7  -1.0  +0.5 97/121 146 13   0.0  +0.0   0.0  +0.0  0/  5   0  0
23517 275.1  +1.7  -0.8  +0.4 58/ 83 170 12   0.0  +0.0   0.0  +0.0  0/  2   0  0
23617 278.1  +1.6  -0.8  +0.3 98/129 152 12   0.0  +0.0   0.0  +0.0  0/  0   0  0
23717 278.8  +1.4  -0.7  +0.3 83/109 155 11 267.0  +4.5   7.6  +5.7 12/ 18 139 15
23817 278.9  +1.5  -0.7  +0.5 75/121 168 12   0.0  +0.0   0.0  +0.0  0/  3   0  0
23917 274.7  +1.6  -1.2  +0.7 61/ 91 151 10 268.4  +6.2  -1.3  +3.8 14/ 28 199 17
24017 275.6  +2.2  -0.7  +0.2 95/125 147 13 254.2  +0.0  -3.1  +0.0  1/  4 273  8
24117 281.4  +1.8  -0.7  +0.3 94/128 155 12   0.0  +0.0   0.0  +0.0  0/  1   0  0
24217 290.3  +2.0  -0.9  +0.3 92/113 150 12   0.0  +0.0   0.0  +0.0  0/  0   0  0
24317 288.7  +1.5  -0.8  +0.3 99/126 153 12   0.0  +0.0   0.0  +0.0  0/  2   0  0
24417 283.6  +1.3  -0.7  +0.4 88/118 145 13 273.6  +8.2 -10.2  +4.1  2/  7 309  8
24517 279.1  +1.4  -0.6  +0.3 93/126 155 12   0.0  +0.0   0.0  +0.0  0/  1   0  0
24617 275.1  +5.5   0.4  +5.1 %100/122 155 12   0.0  +0.0   0.0  +0.0  0/  2   0  0
24717 274.8  +1.8  -0.4  +0.3 %106/124 149 12   0.0  +0.0   0.0  +0.0  0/  2   0  0
24817 275.3  +1.6  -0.5  +0.3 97/124 156 12   0.0  +0.0   0.0  +0.0  0/  2   0  0
24917 278.0  +2.0  -0.5  +0.3 87/106 149 12   0.0  +0.0   0.0  +0.0  0/  0   0  0
25017 281.5  +1.3  -0.6  +0.4 62/ 75 147 14   0.0  +0.0   0.0  +0.0  0/  1   0  0
25117 276.7  +6.7   0.7  +5.3 94/110 152 12   0.0  +0.0   0.0  +0.0  0/  1   0  0
25217 276.8  +1.2  -0.7  +0.3 89/108 169 12   0.0  +0.0   0.0  +0.0  0/  1   0  0
25317 282.5  +1.9  -0.8  +0.3 %104/122 159 12   0.0  +0.0   0.0  +0.0  0/  1   0  0
25417 284.0  +2.4  -0.8  +0.3 98/122 163 12   0.0  +0.0   0.0  +0.0  0/  1   0  0
25517 287.0  +1.2  -0.8  +0.3 %101/122 160 12   0.0  +0.0   0.0  +0.0  0/  1   0  0
25617 285.1  +2.2  -0.7  +0.3 97/116 163 12   0.0  +0.0   0.0  +0.0  0/  0   0  0
25717 281.7  +1.8  -1.1  +0.8 61/102 155 11 270.4  +1.4  -1.2  +0.7  4/ 13 189 16
25817 285.3  +2.5  -1.1  +0.6 51/ 96 165 11 276.5 +11.6  -0.8 +14.1  9/ 20 175 15
25917 280.3  +2.0  -0.8  +0.4 74/102 155 12 271.5  +7.6  -6.1  +4.0  2/ 14 273 13
26017 272.0  +1.8  -0.7  +0.4 75/113 177 12 241.5  +1.6  10.6  +1.3  2/  5 125 14
26117 266.7  +1.2  -0.8  +0.3 %100/116 157 12   0.0  +0.0   0.0  +0.0  0/  4   0  0
26217 265.8  +1.4  -0.9  +0.5 %103/114 158 12   0.0  +0.0   0.0  +0.0  0/  4   0  0
26317 266.9  +1.6  -1.0  +0.3 87/117 158 13 245.0  +0.0   3.3  +0.0  1/  5 179  9
26417 272.7  +2.4  -0.8  +0.3 89/120 168 12   0.0  +0.0   0.0  +0.0  0/  1   0  0
26517 288.6  +1.6  -0.7  +0.3 96/120 164 12   0.0  +0.0   0.0  +0.0  0/  1   0  0
26617 287.2  +1.8  -1.3  +0.7 73/106 153 13 289.7  +0.0 -15.4  +1.2  2/ 13 333  8
26717 281.4  +1.3  -0.8  +0.4 97/112 162 12   0.0  +0.0   0.0  +0.0  0/  3   0  0
26817 280.5  +1.3  -0.8  +0.6 36/ 81 168 10 267.2  +7.7   4.1  +5.4 16/ 30 153 14
26917 278.3  +1.9  -0.8  +0.6 23/ 78 247 11 260.8  +5.1   3.0  +1.4 14/ 29 159 13
27017 274.8  +2.9  -0.6  +0.2 47/ 64 220 11   0.0  +0.0   0.0  +0.0  0/  1   0  0
27117 279.3  +1.8  -0.6  +0.3 76/ 95 163 11   0.0  +0.0   0.0  +0.0  0/  0   0  0
27217 283.2  +2.1  -0.6  +0.3 66/ 80 154 11   0.0  +0.0   0.0  +0.0  0/  0   0  0
27317 282.4  +2.8  -0.6  +0.2 88/111 169 12   0.0  +0.0   0.0  +0.0  0/  2   0  0
27417 284.4  +2.3  -0.6  +0.3 91/110 166 12   0.0  +0.0   0.0  +0.0  0/  2   0  0
27517 288.0  +1.1  -0.5  +0.3 95/112 165 12   0.0  +0.0   0.0  +0.0  0/  2   0  0
27617 283.9  +1.1  -0.5  +0.3 94/114 166 12   0.0  +0.0   0.0  +0.0  0/  2   0  0
27717 281.0  +1.0  -0.4  +0.2 96/114 164 12   0.0  +0.0   0.0  +0.0  0/  2   0  0
27817 282.9  +2.0  -0.7  +0.3 85/104 167 12   0.0  +0.0   0.0  +0.0  0/  1   0  0
27917 284.8  +1.2  -0.7  +0.3 97/114 164 12   0.0  +0.0   0.0  +0.0  0/  1   0  0
28017 280.8  +1.2  -0.7  +0.3 89/114 168 12   0.0  +0.0   0.0  +0.0  0/  1   0  0
28117 278.7  +1.4  -0.7  +0.4 21/ 92 212  9 272.6  +3.8  -3.5  +1.9  3/ 15 235 16
28217 278.2  +1.0  -0.8  +0.3 76/102 172 12   0.0  +0.0   0.0  +0.0  0/  1   0  0
28317 275.3  +3.4  -0.2  +2.8 83/100 169 12   0.0  +0.0   0.0  +0.0  0/  1   0  0
28417 273.7  +1.7  -0.7  +0.3 94/108 164 12   0.0  +0.0   0.0  +0.0  0/  2   0  0
28517 272.7  +1.3  -1.3  +0.7 64/100 159 11 275.6  +3.4  -7.8  +2.6  4/ 12 265 16
28617 275.1  +1.3  -0.9  +0.5 48/ 95 174 11 268.6  +2.3  -9.3  +1.2  2/ 13 304 17
28717 273.1  +2.0  -1.3  +0.5 17/ 42 143 11 258.1  +7.5  -0.7  +4.9 23/ 53 190 13
28817 264.5  +1.6  -1.1  +0.6 25/ 72 167 14 252.1  +5.2  -1.5  +3.7 12/ 30 207 11
29017 281.9  +0.9  -0.7  +0.3 24/ 42 227 15 271.5  +5.9  -1.8  +4.3  8/ 25 199 10
29117 280.2  +1.1  -0.7  +0.3 93/107 171 12   0.0  +0.0   0.0  +0.0  0/  3   0  0
29217 274.5  +1.4  -0.8  +0.2 82/ 97 179 12   0.0  +0.0   0.0  +0.0  0/  3   0  0
29317 265.3  +1.8  -0.9  +0.3 91/106 173 12   0.0  +0.0   0.0  +0.0  0/  3   0  0
29417 266.0  +1.4  -0.8  +0.3 84/105 175 12   0.0  +0.0   0.0  +0.0  0/  3   0  0
29517 271.4  +1.7  -0.9  +0.5 95/105 181 12   0.0  +0.0   0.0  +0.0  0/  8   0  0
29617 271.6  +1.8  -1.1  +0.5 83/107 175 11 260.5  +0.0  -2.7  +0.0  1/  9 220 16
29717 265.7  +1.5  -1.0  +0.6 84/105 178 12 251.5  +4.9  -2.0  +3.5  2/ 10 207 16
29817 266.3  +1.5  -0.6  +0.3 72/ 85 195 11   0.0  +0.0   0.0  +0.0  0/  3   0  0
29917 269.3  +1.5  -1.1  +0.5 79/105 172 11   0.0  +0.0   0.0  +0.0  0/  9   0  0
30017 274.4  +1.7  -0.6  +0.3 41/ 54 262 12   0.0  +0.0   0.0  +0.0  0/  2   0  0
30117 274.1  +0.9  -1.1  +0.5 78/ 93 169 12 273.9  +2.6 -12.0  +3.8  3/ 16 322  8
30217 271.6  +1.6  -0.5  +0.2 97/112 185 12   0.0  +0.0   0.0  +0.0  0/  1   0  0
30317 277.0  +1.4  -0.4  +0.3 98/111 186 12   0.0  +0.0   0.0  +0.0  0/  1   0  0
30417 280.5  +0.8  -0.5  +0.3 67/ 80 213 12   0.0  +0.0   0.0  +0.0  0/  1   0  0
30517 275.5  +3.2  -0.7  +0.4 97/112 186 12   0.0  +0.0   0.0  +0.0  0/  1   0  0
30617 271.8  +1.5  -0.7  +0.2 95/111 187 12   0.0  +0.0   0.0  +0.0  0/  1   0  0
30717 272.6  +1.5  -0.6  +0.3 51/105 207 11   0.0  +0.0   0.0  +0.0  0/  1   0  0
30817 278.5  +1.4  -0.7  +0.3 35/ 90 228  9 272.3  +8.3  -5.5  +5.3  8/ 18 232 16
30917 281.5  +1.1  -0.7  +0.2 14/ 83 289  9 280.7  +5.4  -4.7  +3.2  8/ 24 228 14
31017 288.2  +4.8  -1.1  +0.5 56/104 226 12   0.0  +0.0   0.0  +0.0  0/  3   0  0
31117 306.1  +3.5  -0.7  +0.3 38/ 93 262 12 304.8  +5.1  -1.2  +1.7  4/ 11 189 15
