16015    242.4   13    3   11  uvr26104.185
16115   5274.5   13    6   14  uvr26104.185
16215   6258.0   13    8   13  uvr26104.185
16315   5967.6   10    7   14  uvr26104.185
16515   5218.3   13   12   13  uvr26104.185
16615   5445.6   10    8   15  uvr26104.185
16715   6584.2   13   12   13  uvr26104.185
16815   6297.1   13   11   14  uvr26104.185
16915   6121.7   13   12   13  uvr26104.185
17015   6051.1   13    9   14  uvr26104.185
17115   6755.9   13   11   14  uvr26104.185
17215   6121.6   13   12   13  uvr26104.185
17315   6205.6   13   12   13  uvr26104.185
17415   6407.5   13   12   13  uvr26104.185
17515   6188.5   13   11   14  uvr26104.185
17615   5730.7   13    9   13  uvr26104.185
17715   6151.9   13   12   13  uvr26104.185
17815   6448.0   13   12   13  uvr26104.185
17915   6395.6   13   11   13  uvr26104.185
18015   6271.3   13   11   14  uvr26104.185
18115   6137.8   13   11   14  uvr26104.185
18215   6314.1   13   12   13  uvr26104.185
18315   6607.5   13   12   13  uvr26104.185
18415   6618.2   13   11   14  uvr26104.185
18515   6289.1   13   12   13  uvr26104.185
18615   6186.0   13   12   13  uvr26104.185
18715   5800.7   13   12   13  uvr26104.185
19015     89.0    2    2   19  uvr26104.185
19115   5671.0   13   12   13  uvr26104.185
19215   5761.4   13   12   13  uvr26104.185
19315   5519.5   13   12   13  uvr26104.185
19415   5800.8   13   10   13  uvr26104.185
19515   5647.4   13   11   13  uvr26104.185
19615   5864.3   13   11   13  uvr26104.185
19715   6136.1   13   11   13  uvr26104.185
19815   6099.4   13   11   13  uvr26104.185
19915   6026.8   13   11   13  uvr26104.185
20015   6291.0   13   12   13  uvr26104.185
20115   6486.3   13   11   13  uvr26104.185
20215   6084.7   13   11   13  uvr26104.185
20315   5730.2   13    7   13  uvr26104.185
20415   6331.4   13   11   13  uvr26104.185
20515   1983.9   13    3   15  uvr26104.185
20615   6630.7   13   11   13  uvr26104.185
20715   6580.3   13   11   13  uvr26104.185
20815   6526.6   12   12   13  uvr26104.185
20915   6049.0   12    6   15  uvr26104.185
21015   6080.5   12    6   14  uvr26104.185
21115   6390.5   12   10   13  uvr26104.185
21215   6559.5   12   11   13  uvr26104.185
21515   3411.2    7    4   16  uvr26104.185
21615   5691.8   12    6   15  uvr26104.185
21715   5629.8   12   11   13  uvr26104.185
21815   5060.9   12    6   14  uvr26104.185
21915   5788.1   12   10   13  uvr26104.185
22015   5345.2   12   11   13  uvr26104.185
22115   4869.4   12   11   13  uvr26104.185
22215   3912.9   12    7   14  uvr26104.185
22315   3866.7   12    7   15  uvr26104.185
22415   4670.9   12   11   13  uvr26104.185
22515   1616.3   12    8   13  uvr26104.185
22615    767.7    4    3   17  uvr26104.185
22715   5901.3   12   11   13  uvr26104.185
22815   5934.5   12   10   13  uvr26104.185
22915   5874.8   12   11   13  uvr26104.185
23015   6065.7   12    7   15  uvr26104.185
23115   6024.6   12   10   13  uvr26104.185
23215   4293.3   12    9   13  uvr26104.185
23315   5394.3   12   11   13  uvr26104.185
23415   5569.4   12   10   13  uvr26104.185
23515   5766.7   12   11   13  uvr26104.185
23615   5842.3   12   10   13  uvr26104.185
23715   5822.1   12    6   12  uvr26104.185
23815   5537.0   12    8   14  uvr26104.185
23915   5355.3   12   10   13  uvr26104.185
24015   5656.5   12   10   13  uvr26104.185
24115   5905.6   12   10   13  uvr26104.185
24215   5907.9   12   10   13  uvr26104.185
24315   5424.2   12   10   13  uvr26104.185
24415   5619.5   12   10   14  uvr26104.185
24515   5469.2   12    6   12  uvr26104.185
24615   5590.9   12    9   13  uvr26104.185
24715   5412.4   12    9   13  uvr26104.185
24815   5414.0   12    9   13  uvr26104.185
24915   4323.9   12    9   13  uvr26104.185
25015   5884.9   12    9   13  uvr26104.185
25115   5543.5   12    7   13  uvr26104.185
25215   5489.2   12    9   13  uvr26104.185
25315   4700.7   12    9   13  uvr26104.185
25415   5190.2   12    9   13  uvr26104.185
25515   5255.6   12    9   13  uvr26104.185
25615   4900.3   12   10   13  uvr26104.185
25715   5167.9   12   10   13  uvr26104.185
25815   5157.8   12   10   13  uvr26104.185
25915   5009.1   12   10   13  uvr26104.185
26015   3777.7    9    4   13  uvr26104.185
26115   4269.4   12    8   13  uvr26104.185
26215   5286.2   12    9   13  uvr26104.185
26315   4939.7   12    9   13  uvr26104.185
26415   4311.6   12    9   13  uvr26104.185
26515   3550.7   12    9   13  uvr26104.185
26615   3483.4   12    9   12  uvr26104.185
26715   2071.5   12    4   14  uvr26104.185
26815   2865.4   11    9   13  uvr26104.185
26915   2406.2   12   10   13  uvr26104.185
27015   4415.6   11   10   13  uvr26104.185
27315    375.7    2    2   17  uvr26104.185
27415   3060.9   11    6   14  uvr26104.185
27515   3055.8   11    9   14  uvr26104.185
27615   2705.0   11    9   13  uvr26104.185
27715   3093.9   11   10   13  uvr26104.185
27815   3526.3   11   10   13  uvr26104.185
27915   4331.6   11   10   13  uvr26104.185
28015   4272.4   11   10   13  uvr26104.185
28115   4052.7   11   10   13  uvr26104.185
28215   3828.5   11   10   13  uvr26104.185
28315   3504.8   10   10   13  uvr26104.185
28415   2735.1    7    6   11  uvr26104.185
28515   3900.7   10   10   13  uvr26104.185
28615   2656.5   10   10   13  uvr26104.185
28715   2746.8   10   10   13  uvr26104.185
28815   3612.6   10   10   13  uvr26104.185
28915   2887.4   10    9   13  uvr26104.185
29015   1849.4   10   10   13  uvr26104.185
29115   3517.4   11   10   13  uvr26104.185
29215   2572.5   11    9   14  uvr26104.185
29315   1496.8    8    7   12  uvr26104.185
29415   1369.1   11    9   13  uvr26104.185
29515   1326.6   11    9   13  uvr26104.185
29615   1646.0   11    9   14  uvr26104.185
29715   2073.0   11    6   14  uvr26104.185
29815   1715.4   11    8   14  uvr26104.185
30015   1088.6    4    3   10  uvr26104.185
30115   2605.5   11    9   14  uvr26104.185
30215   3280.0   11   10   13  uvr26104.185
30315   1648.7   11    5   15  uvr26104.185
30515   1287.6    5    6   16  uvr26104.185
30615   2813.5   11    9   14  uvr26104.185
30715   2833.9   11    9   14  uvr26104.185
30815   2706.1   11   10   13  uvr26104.185
30915   2829.4   11    9   14  uvr26104.185
31015   2807.2   11    9   14  uvr26104.185
31115   2810.5   11    9   14  uvr26104.185
31215   2685.4   11    9   14  uvr26104.185
31315   2404.5   11    9   14  uvr26104.185
31415   2604.4   11    9   14  uvr26104.185
31515   1965.4   11    9   14  uvr26104.185
31615   2324.5   11    9   14  uvr26104.185
31715   1897.3   11    9   14  uvr26104.185
31815   1830.9   11    9   14  uvr26104.185
31915   2279.4   11    9   14  uvr26104.185
32015   1969.7   11    5   13  uvr26104.185
32115   2061.3   11    7   13  uvr26104.185
32215   2300.4   11   10   14  uvr26104.185
32315   2273.1   10   10   13  uvr26104.185
32415   2398.5   10    9   14  uvr26104.185
32515   2476.0   10    9   14  uvr26104.185
32615    816.3    4    3   10  uvr26104.185
32715   2233.9   10    8   14  uvr26104.185
32815   2231.9   10    9   14  uvr26104.185
32915   2141.8   10    8   14  uvr26104.185
33015   1914.1   10    7   14  uvr26104.185
33115   2101.2   10    9   14  uvr26104.185
33215    273.6    3    4   17  uvr26104.185
33315   1197.3   10    9   14  uvr26104.185
35615    503.9    4    5   16  uvr26104.185
35715   1787.4   10    9   14  uvr26104.185
35815   1840.2   10    9   14  uvr26104.185
35915   1865.9   10    8   14  uvr26104.185
36015   1645.9   10    7   15  uvr26104.185
36115   1479.4   10    8   14  uvr26104.185
36215     77.4    2    3   17  uvr26104.185
36315   1033.9   10    6   15  uvr26104.185
36415   1849.7   10    8   14  uvr26104.185
36515   1702.3   10    7   14  uvr26104.185
00116   1915.0   10    6   13  uvr26104.185
00216   1973.2   10    6   13  uvr26104.185
00316   1994.8    9    6   13  uvr26104.185
00416   1342.8   10    3   14  uvr26104.185
00516   1391.8   10    6   13  uvr26104.185
00616   2034.7    9    6   13  uvr26104.185
00716   1845.7    9    4   14  uvr26104.185
00916   1639.6    6    5   14  uvr26104.185
01016   2349.2    9    6   13  uvr26104.185
01116   2307.7    9    7   13  uvr26104.185
01216   2223.4   10    7   13  uvr26104.185
03216    236.3    2    2   17  uvr26104.185
03316   2171.2   10    8   14  uvr26104.185
03416   1443.9   10    3   13  uvr26104.185
03516   1880.9   10    7   13  uvr26104.185
03616   2361.6   10    4   14  uvr26104.185
03716      0.0    0    1    8  uvr26104.185
03816    425.7    3    2   10  uvr26104.185
03916    791.9   10    3   14  uvr26104.185
04016   2660.7   10    6   14  uvr26104.185
04116   2432.8   10    7   14  uvr26104.185
04216   2864.6   10    7   13  uvr26104.185
04316   3032.5   10    8   13  uvr26104.185
04416   3017.6   10    8   13  uvr26104.185
04516   3266.1   10    8   13  uvr26104.185
04616   3306.9   10    8   13  uvr26104.185
04716   3254.4   10    6   14  uvr26104.185
05516   1566.8    5    4   16  uvr26104.185
05616   3996.7   11    9   13  uvr26104.185
05716   3669.8   11    9   13  uvr26104.185
05816   3725.5   11    9   13  uvr26104.185
05916   3141.0   11    9   13  uvr26104.185
06016   3371.7   10    9   13  uvr26104.185
06116   3722.6   10    9   14  uvr26104.185
06216   1710.9   10    8   14  uvr26104.185
06316   3728.7   10    9   14  uvr26104.185
06416   3970.7   11    9   15  uvr26104.185
06516   4086.7   11   10   14  uvr26104.185
06616   3826.0   11    8   15  uvr26104.185
06716   3796.5   11   11   14  uvr26104.185
06816    312.7    3    4   18  uvr26104.185
06916   3523.3   11    8   15  uvr26104.185
07016    241.3   11    4   16  uvr26104.185
07116   3537.3   11    7   15  uvr26104.185
07216   3699.8   11   10   14  uvr26104.185
07316   3699.6   11   11   14  uvr26104.185
07416   3939.4   12   11   14  uvr26104.185
07516   3724.0   12   12   14  uvr26104.185
07616   3771.1   12   11   14  uvr26104.185
07816     72.6   12    2   14  uvr26104.185
07916   4515.5   12   12   14  uvr26104.185
08016   4015.8   12   10   14  uvr26104.185
08116   2530.0   12   12   14  uvr26104.185
08216   3805.0   12   19   13  uvr26104.185
08416   3360.7    9   17   15  uvr26104.185
08516   4021.6   12   19   13  uvr26104.185
08616   4100.1   12   23   13  uvr26104.185
08716   3906.7   12   23   13  uvr26104.185
08816   4450.3   12   23   13  uvr26104.185
09216   2816.2    7    7   16  uvr26104.185
09316   3637.2   12    7   15  uvr26104.185
09416   4313.6   12    9   15  uvr26104.185
09516   4120.2   12   11   14  uvr26104.185
09616   4235.1   11   10   13  uvr26104.185
09716   4316.8   11    7   14  uvr26104.185
09816   4499.6   11   10   13  uvr26104.185
09916   3999.8   11    6   15  uvr26104.185
10016   4948.9   11    7   14  uvr26104.185
10116   4861.2   11   10   13  uvr26104.185
10216   4973.3   13   11   14  uvr26104.185
10316   5056.1   13    9   15  uvr26104.185
10416   4833.2   13    9   14  uvr26104.185
10516   3844.0   12   19   14  uvr26104.185
10616   4696.0   12   22   13  uvr26104.185
10716   4752.6   12   23   13  uvr26104.185
10816   4830.3   12   24   13  uvr26104.185
10916   5082.3   12   24   13  uvr26104.185
11016   3202.7   12   20   13  uvr26104.185
11116   5489.8   12   24   13  uvr26104.185
11216   4789.3   12   23   13  uvr26104.185
11316   4415.5   12   24   13  uvr26104.185
11416   4256.9   12   15   12  uvr26104.185
11516   5394.9   12   24   13  uvr26104.185
11616   5353.0   12   24   13  uvr26104.185
11716   4903.8   12   20   13  uvr26104.185
11816   5062.8   12   24   13  uvr26104.185
11916   4234.7   12   24   13  uvr26104.185
12016   4961.3   12   24   13  uvr26104.185
12116   5385.7   12   24   13  uvr26104.185
12216   1036.4    2    4   11  uvr26104.185
12316   1886.4    6   11   10  uvr26104.185
12416   1286.1    6   12   10  uvr26104.185
12516   4844.3   12   21   13  uvr26104.185
12616   4927.4   12   23   13  uvr26104.185
12716   4974.5   12   23   13  uvr26104.185
12816   4944.2   12   22   13  uvr26104.185
12916   3672.5   12   24   12  uvr26104.185
13016   4739.0   12   24   13  uvr26104.185
13116   1516.1   14   23   13  uvr26104.185
13216   5002.4   14   22   13  uvr26104.185
13316   4818.0   14   17   12  uvr26104.185
13416   5924.1   13   13   14  uvr26104.185
13516   5575.6   13   13   14  uvr26104.185
13616   5538.0   13   13   14  uvr26104.185
13716   5543.5   13   13   14  uvr26104.185
13816   5379.3   13   13   14  uvr26104.185
13916   5205.4   13   13   14  uvr26104.185
14016   5324.5   13   13   14  uvr26104.185
14116   5218.0   13   12   14  uvr26104.185
14216   4997.1   13   12   14  uvr26104.185
14316   5061.7   13   12   14  uvr26104.185
14416   5303.1   13   10   13  uvr26104.185
14516   5518.1   13   12   14  uvr26104.185
14616   1548.6    5    5   17  uvr26104.185
14716   6331.7   13    7   14  uvr26104.185
14816   4993.2    9    9   15  uvr26104.185
14916   4202.8    9    5   16  uvr26104.185
15016   6173.6   13   12   13  uvr26104.185
15116   6110.5   13   12   13  uvr26104.185
15216   6099.1   13   12   13  uvr26104.185
15316   5885.3   13   11   14  uvr26104.185
15416   6023.2   13   12   13  uvr26104.185
15516   5925.4   13   12   13  uvr26104.185
15616   5899.1   13   13   13  uvr26104.185
15716   5905.0   13   13   13  uvr26104.185
15816   5780.9   13   13   13  uvr26104.185
15916   5619.0   13   10   12  uvr26104.185
16016   5797.3   13   13   13  uvr26104.185
16116   5744.1   13   13   13  uvr26104.185
16216   5888.9   13   12   13  uvr26104.185
16316   5626.3   13   13   13  uvr26104.185
16416   5511.4   13   13   13  uvr26104.185
16516   5461.6   13   13   13  uvr26104.185
16616   5507.9   13   13   13  uvr26104.185
16716   5427.5   10   10   12  uvr26104.185
16816   6597.5   13   12   13  uvr26104.185
16916   5474.8   13   12   13  uvr26104.185
17016   6462.5   13   12   13  uvr26104.185
17116   6181.7   13   12   13  uvr26104.185
17416     46.5    2    3   18  uvr26104.185
17516   4799.3   16   10   12  uvr26104.185
17616   4305.7   16   11   12  uvr26104.185
17716   3825.5   16    9   12  uvr26104.185
17816   1514.1   15    6   13  uvr26104.185
17916   2754.9   16   12   13  uvr26104.185
18016   4410.0   16   13   13  uvr26104.185
18116   3983.8   16    9   13  uvr26104.185
18316    251.7    4    4   17  uvr26104.185
18416   2172.7   16   15   12  uvr26104.185
18516   3593.2   13   13   13  uvr26104.185
18616   4301.2   16   14   12  uvr26104.185
18716   3081.8   15   13   12  uvr26104.185
18816   3393.5   14   14   12  uvr26104.185
18916   4067.2   14   13   12  uvr26104.185
19016   3516.1   14   14   12  uvr26104.185
19116   2179.9   14   14   12  uvr26104.185
19216   3005.1   14   13   12  uvr26104.185
19316   3412.4   14   13   12  uvr26104.185
19616   2917.0    7    8   17  uvr26104.185
19716   5637.4   13   12   14  uvr26104.185
19816   5740.5   13   12   14  uvr26104.185
19916   5904.0   13   12   14  uvr26104.185
20016   5652.6   13   13   14  uvr26104.185
20116   5153.7   13   12   14  uvr26104.185
20216   5165.2   13   12   14  uvr26104.185
20316   5182.8   13   12   14  uvr26104.185
20416   5305.1   13   12   14  uvr26104.185
20516   5792.2   13   12   14  uvr26104.185
20616   5567.5   12   12   13  uvr26104.185
20716   4777.4   12   11   13  uvr26104.185
20816   4709.2   12   12   13  uvr26104.185
20916   5336.9   12   10   14  uvr26104.185
21016   5458.1   12   11   14  uvr26104.185
21116   5644.4   12   11   14  uvr26104.185
21216   4880.7   13   11   14  uvr26104.185
21316   5248.3   13   10   14  uvr26104.185
21416   3852.7    7    6   11  uvr26104.185
21516   5977.1   13   11   14  uvr26104.185
21616   5757.4   13   10   14  uvr26104.185
21716   5398.6   13   11   14  uvr26104.185
21816   5345.4   13   11   14  uvr26104.185
21916   5269.4   13   10   14  uvr26104.185
22016   5534.0   13   10   14  uvr26104.185
22116   5380.6   13   11   14  uvr26104.185
22216   4821.4   13   12   14  uvr26104.185
22316   5230.1   13   11   14  uvr26104.185
22416   4946.0   13   11   14  uvr26104.185
22516   5543.5   13   10   14  uvr26104.185
22616   5583.2   13   11   14  uvr26104.185
22716   5499.3   13   11   14  uvr26104.185
22816   5344.9   13   11   14  uvr26104.185
22916   5472.1   13   10   14  uvr26104.185
23016   5324.7   13   11   14  uvr26104.185
23116   5055.2   13   11   14  uvr26104.185
23216   5269.5   13   11   14  uvr26104.185
23316   5284.9   13   11   14  uvr26104.185
23416   2401.2   13    9   13  uvr26104.185
23516   5064.0   13   10   14  uvr26104.185
23616   5830.4   13    7   12  uvr26104.185
23716   4660.1   13    8   14  uvr26104.185
23816   5164.9   13   11   14  uvr26104.185
23916   1157.5   13    4   15  uvr26104.185
24016   4664.8   13   12   14  uvr26104.185
24116   4512.6   11   10   13  uvr26104.185
24216   4783.8   11   10   13  uvr26104.185
24316   4649.1   11   10   13  uvr26104.185
24416   4683.4   11    7   11  uvr26104.185
24516   4605.6   11   11   13  uvr26104.185
24616   4552.3   11   10   13  uvr26104.185
24716   4681.9   11   10   13  uvr26104.185
24816   4658.8   11   10   13  uvr26104.185
24916    955.5   11    3   14  uvr26104.185
25016   4684.7   11   10   13  uvr26104.185
25116   4593.6   12   11   14  uvr26104.185
25216   4736.7   12   11   14  uvr26104.185
25316   4987.6   12   11   14  uvr26104.185
25416   4825.2   12   11   14  uvr26104.185
25516   4751.8   12   11   14  uvr26104.185
25616   3528.0   12   10   14  uvr26104.185
25716   3763.5   12    7   14  uvr26104.185
25816   4111.8   12    8   14  uvr26104.185
25916   4593.7   12   11   14  uvr26104.185
26016   4385.1   11    9   13  uvr26104.185
26116   4636.5   11    9   14  uvr26104.185
26216   4309.9   10   15   14  uvr26104.185
26316   4341.5   12   16   12  uvr26104.185
26416   4606.9   11   11   13  uvr26104.185
26516   4369.3   11   11   13  uvr26104.185
26616   4115.5   12   11   13  uvr26104.185
26716   3975.5   11   14   14  uvr26104.185
26816   4030.3   12   19   12  uvr26104.185
27016   2844.4    7   14   15  uvr26104.185
27116   4170.3   12   23   13  uvr26104.185
27216   3496.1   12   15   12  uvr26104.185
27316   3654.7   12   11   13  uvr26104.185
27416   3812.0   12   11   13  uvr26104.185
27516   3928.7   12   11   13  uvr26104.185
27616   4100.6   11   10   13  uvr26104.185
27716   3882.2   11   10   13  uvr26104.185
27816   3316.9   12    5   13  uvr26104.185
27916   3774.4   12    7   13  uvr26104.185
28016   3865.5   12    9   14  uvr26104.185
28116   3746.1   10    7   13  uvr26104.185
28216   1393.5    5    3   10  uvr26104.185
28316   3121.2   10    5   13  uvr26104.185
28416   3609.3    9    8   13  uvr26104.185
28516   3570.0   10    9   14  uvr26104.185
28616   3374.5   10   10   13  uvr26104.185
28716   2926.7   10    8   14  uvr26104.185
28816   3253.4   10   10   13  uvr26104.185
28916   3246.8   10   11   13  uvr26104.185
29016   1942.7   10   10   13  uvr26104.185
29116   2933.9   11   10   13  uvr26104.185
29216   2337.4   11    7   13  uvr26104.185
29316   3155.5   11    9   14  uvr26104.185
29416   2067.3   11    8   14  uvr26104.185
29516   1974.0   11    7   13  uvr26104.185
29616   2068.2   11    9   14  uvr26104.185
29716   2509.2   11    9   14  uvr26104.185
29816   1026.9   11    7   14  uvr26104.185
29916    908.1   11    7   14  uvr26104.185
30116   1711.3    7    8   15  uvr26104.185
30216   2988.2   11    9   14  uvr26104.185
30316   1877.6    7    7   15  uvr26104.185
30416   2565.8   11   10   13  uvr26104.185
30516   2381.9   11    8   14  uvr26104.185
30616   2186.7   11    9   14  uvr26104.185
30716   2400.7   11    8   14  uvr26104.185
30816   1351.2   11    9   14  uvr26104.185
30916   1363.8   11    8   14  uvr26104.185
31016    885.6   11    8   14  uvr26104.185
31116   1174.3   11    8   14  uvr26104.185
31216   2231.7   11    9   14  uvr26104.185
31416   1658.9    7    7   15  uvr26104.185
31516   2303.0   11    9   14  uvr26104.185
31616   2101.3   11    9   14  uvr26104.185
31716   2254.8   11    9   14  uvr26104.185
31816   2193.4   11    9   14  uvr26104.185
31916   1309.9   11    7   14  uvr26104.185
32016   1975.1   11    9   14  uvr26104.185
32116   2005.7   11    9   14  uvr26104.185
32216   2068.3   11    6   13  uvr26104.185
32316   1343.0   11    5   15  uvr26104.185
32416   1579.8   10    9   14  uvr26104.185
32516   1888.4   10    9   14  uvr26104.185
32616   1636.8   10    9   14  uvr26104.185
32716   1529.5   10    9   14  uvr26104.185
32816   1337.2   10    7   14  uvr26104.185
32916   1783.5   10    8   14  uvr26104.185
33016   1557.7   10    9   14  uvr26104.185
33116   1537.7   10    9   14  uvr26104.185
33216   1776.4   10    9   14  uvr26104.185
33316   1595.7   10    9   14  uvr26104.185
33416   1233.0   10    8   14  uvr26104.185
33516   1758.9   10    8   14  uvr26104.185
34016    826.8    5    6   16  uvr26104.185
34116   1824.3   10    7   14  uvr26104.185
34216   1651.2   10    7   14  uvr26104.185
34316   1688.8   10    7   14  uvr26104.185
34416   1355.1   10    9   14  uvr26104.185
34516   1629.6   10    8   14  uvr26104.185
34616   1452.6   10    8   14  uvr26104.185
34716    756.8   10    7   14  uvr26104.185
34816    340.1    4    5   16  uvr26104.185
34916   1377.9   10    6   14  uvr26104.185
35016   1799.5   10    7   14  uvr26104.185
35116   1710.1   10    8   14  uvr26104.185
35216   1498.2   10    9   14  uvr26104.185
35316    808.2   10    6   14  uvr26104.185
35416   1263.8   10    8   14  uvr26104.185
35516   1193.2   10    9   14  uvr26104.185
36116     74.0    2    3   17  uvr26104.185
36216   1597.5   10    7   14  uvr26104.185
36316    963.8   10    6   15  uvr26104.185
36416    973.8    6    7   15  uvr26104.185
36516   1084.6    6    5   15  uvr26104.185
36616   1989.6   10    9   14  uvr26104.185
00117   1621.7   10    7   15  uvr26104.185
00317    112.6    2    3   17  uvr26104.185
00517    452.0    5    6   16  uvr26104.185
00617   1556.5   10    9   14  uvr26104.185
00717   1579.3   10    8   14  uvr26104.185
00817   1491.7   10    9   14  uvr26104.185
00917   1447.2   10    6   15  uvr26104.185
01017   1655.7   10    6   15  uvr26104.185
01117    695.2   10    4   15  uvr26104.185
01217   1559.2   10    8   14  uvr26104.185
01317   1554.5   10    6   15  uvr26104.185
01417   1882.1   10    8   14  uvr26104.185
01517   1953.7   10    8   14  uvr26104.185
01617   2018.9   10    8   14  uvr26104.185
01717   1899.6   10    8   14  uvr26104.185
01817   1769.2   10    8   14  uvr26104.185
01917   2001.8   10    8   14  uvr26104.185
02017   1727.5   10    9   14  uvr26104.185
02117   1146.5   10    6   15  uvr26104.185
02217   1869.5    9    8   14  uvr26104.185
02317   1876.6   10    8   14  uvr26104.185
02417   1884.5   10    6   15  uvr26104.185
02517   1454.9    7    7   15  uvr26104.185
02617   2052.4   10    8   14  uvr26104.185
02717   2305.2   10    8   14  uvr26104.185
02817   2267.8   10    8   14  uvr26104.185
02917   2319.1   10    8   14  uvr26104.185
04717   1816.8    6    6   16  uvr26104.185
04817   2710.9   10    8   14  uvr26104.185
04917    892.3    4    5   16  uvr26104.185
05017   3292.8   10    8   14  uvr26104.185
05117   2895.2   10    7   15  uvr26104.185
05217   1531.7   10    8   14  uvr26104.185
05417   2685.3   10    7   15  uvr26104.185
05517   2463.6   10    6   15  uvr26104.185
05617   2395.5   10    6   15  uvr26104.185
05717   3021.1   10    9   14  uvr26104.185
05817   3076.2   10    9   14  uvr26104.185
05917   2962.0   10    7   14  uvr26104.185
06017   2982.2   10   10   13  uvr26104.185
06117   3082.9   10    6   15  uvr26104.185
06217   3392.8   10    9   14  uvr26104.185
06317   3098.8   11   10   14  uvr26104.185
08017   1878.9    6    7   16  uvr26104.185
08117   3025.6   12   11   14  uvr26104.185
08217   2949.1   12   11   14  uvr26104.185
08317   3216.4   12   11   14  uvr26104.185
08417   3281.5   12   11   14  uvr26104.185
08517   2882.5   12    7   15  uvr26104.185
08617   3273.4   12   11   14  uvr26104.185
08717   3409.2   12   11   14  uvr26104.185
08817   3362.7   12   11   14  uvr26104.185
08917   2750.9   12    8   14  uvr26104.185
09017   4007.4   12    8   13  uvr26104.185
09217   3553.3   12    9   13  uvr26104.185
09317   3879.8   12   11   14  uvr26104.185
09417   3880.0   12   11   14  uvr26104.185
09517   3745.6   12   12   14  uvr26104.185
09617   3451.9   11   10   13  uvr26104.185
09717   3765.2   11   10   13  uvr26104.185
09817   3771.7   11   10   13  uvr26104.185
09917   3828.4   11   10   13  uvr26104.185
10017   2690.7   11   10   13  uvr26104.185
10117   3140.0   11   11   13  uvr26104.185
10217   3545.6   11    6   15  uvr26104.185
10317   4154.4   11   10   13  uvr26104.185
10417   4235.0   11    8   14  uvr26104.185
10517   3723.2   13   12   14  uvr26104.185
10617   3837.1   13   11   14  uvr26104.185
10717   4308.2   13   11   14  uvr26104.185
10917   4677.8   13   10   14  uvr26104.185
11017   4439.4   13   12   14  uvr26104.185
11117   4379.9   13   11   14  uvr26104.185
11217   4477.7   13    9   15  uvr26104.185
11317   4123.9   13   11   14  uvr26104.185
11417   4405.3   13   11   14  uvr26104.185
11517   3816.9   13   11   13  uvr26104.185
11617   2458.2   13   12   14  uvr26104.185
11717   2358.1   13   10   14  uvr26104.185
11817   1926.5   13   11   14  uvr26104.185
11917   2279.4   13    9   14  uvr26104.185
12017   4127.4   13   11   14  uvr26104.185
12117   4502.5   13   11   14  uvr26104.185
12217   4351.9   13   11   14  uvr26104.185
12317   3238.2    8    8   16  uvr26104.185
12417   4478.5   13   11   14  uvr26104.185
12517   3856.9   13    7   15  uvr26104.185
12617   4320.1   13   12   14  uvr26104.185
12717   4756.2   13   12   14  uvr26104.185
12817   4662.8   13   12   14  uvr26104.185
12917   4257.1   13   10   14  uvr26104.185
13017   3771.0   13    7   14  uvr26104.185
13117   3111.9   13   10   14  uvr26104.185
13217   4831.8   13   11   14  uvr26104.185
13317   4324.9   13   13   14  uvr26104.185
13417   4543.1   13   13   14  uvr26104.185
13517   4495.8   13   13   14  uvr26104.185
13617   3472.7   13    7   16  uvr26104.185
13717   5085.0   13   13   14  uvr26104.185
13817   5012.7   13   13   14  uvr26104.185
13917   4811.1   13   11   14  uvr26104.185
14017   5309.8   13   11   14  uvr26104.185
14117   5229.0   13   12   14  uvr26104.185
14217   4588.8   13   12   14  uvr26104.185
14317   5080.6   13   12   14  uvr26104.185
14717   1310.0    5    4   13  uvr26104.185
14817   2903.5   11    9   11  uvr26104.185
15017   3025.4   10    7   14  uvr26104.185
15117   3399.0   14   11   13  uvr26104.185
15217   3126.0   14   12   13  uvr26104.185
15317   3255.2   14   12   13  uvr26104.185
15417   3324.5   14   18   15  uvr26104.185
15517   3014.2   14   24   12  uvr26104.185
15617   3469.0   14   28   12  uvr26104.185
15717   3636.5   14   28   12  uvr26104.185
15817   3563.0   15   22   11  uvr26104.185
15917   2744.3    9   15   11  uvr26104.185
16417   2485.5    6    6   16  uvr26104.185
16517   5158.9   13   12   13  uvr26104.185
16617   1516.1   10    8   12  uvr26104.185
16717   5313.7   13   13   13  uvr26104.185
16817   5298.3   13   12   13  uvr26104.185
16917   5394.9   13   12   13  uvr26104.185
17017   5249.0   13   12   13  uvr26104.185
17117   5087.3   13   11   14  uvr26104.185
17217   5104.6   13   12   13  uvr26104.185
17317   3325.6   13    8   14  uvr26104.185
17417   3186.4   13   11   14  uvr26104.185
17517   3360.7   13   11   13  uvr26104.185
17617   4221.7   13   12   13  uvr26104.185
17717   4707.8   13   12   13  uvr26104.185
17817   4682.9   13   12   13  uvr26104.185
18017   4993.5   13   10   13  uvr26104.185
18117   5221.7   13   12   13  uvr26104.185
18617   3117.9   13    8   14  uvr26104.185
18917   4822.1   13   12   13  uvr26104.185
19017   4984.1   13   12   13  uvr26104.185
19117   4954.5   13   10   13  uvr26104.185
19217   4519.3   13    9   13  uvr26104.185
19317   4837.5   13    9   13  uvr26104.185
19417   4855.4   13   10   14  uvr26104.185
19517   3371.3   13    9   14  uvr26104.185
19617   3764.4   13    9   14  uvr26104.185
19717   3315.1   13    9   14  uvr26104.185
19817   4484.5   13    9   14  uvr26104.185
19917   4540.9   13   11   14  uvr26104.185
20017   4610.7   13   11   14  uvr26104.185
20117   5061.4   13    9   14  uvr26104.185
20217   4907.3   13   10   15  uvr26104.185
20317   4720.2   13   10   15  uvr26104.185
20417   4801.5   13    9   14  uvr26104.185
20517   4570.8   13   11   14  uvr26104.185
20617    205.1    2    3   18  uvr26104.185
20717   4465.4   12   12   13  uvr26104.185
20817   4662.4   12   11   14  uvr26104.185
21117   4891.5   13    8   15  uvr26104.185
21217   4614.8   13    7   15  uvr26104.185
21317   4770.5   13    9   14  uvr26104.185
21417   4921.4   13    9   14  uvr26104.185
21517   5047.2   13    8   15  uvr26104.185
21617   4699.6   13    9   14  uvr26104.185
21717   4762.0   13    9   14  uvr26104.185
21817   4658.3   13    9   14  uvr26104.185
21917   3443.5   13    8   15  uvr26104.185
22017   2577.9    7    4   11  uvr26104.185
22117   4538.5   13   10   14  uvr26104.185
22217   4541.3   13   11   14  uvr26104.185
22317   4629.6   13    9   14  uvr26104.185
22417   4764.6   13    9   14  uvr26104.185
22517   4588.7   13    9   14  uvr26104.185
22617   4497.3   13    9   13  uvr26104.185
22717   4485.8   13   10   14  uvr26104.185
22817   4485.1   13    9   14  uvr26104.185
22917   4425.3   13    9   14  uvr26104.185
23017   4450.4   13    9   14  uvr26104.185
23117   4426.2   13    9   14  uvr26104.185
23217   3946.6   13   10   14  uvr26104.185
23317   3637.4   13    7   14  uvr26104.185
23417   3769.5   13   11   13  uvr26104.185
23517   3899.0   13    7   14  uvr26104.185
23617   4434.7   13   10   14  uvr26104.185
23717   3973.2   13    7   13  uvr26104.185
23817   3188.8   13   10   14  uvr26104.185
23917   3000.0   13    8   14  uvr26104.185
24017   4217.9   11    6   12  uvr26104.185
24117   4191.7   11    6   11  uvr26104.185
24217   2067.3    6    4   10  uvr26104.185
24317   4293.3   11    8   13  uvr26104.185
24417   3691.0   11    8   13  uvr26104.185
24517   4396.8   11    9   13  uvr26104.185
24617   4414.5   11    8   13  uvr26104.185
24717   4130.6   11   10   13  uvr26104.185
24817   4114.5   11    9   13  uvr26104.185
24917   4203.5   10    6   13  uvr26104.185
25017   3398.6    9    7   16  uvr26104.185
25117   4052.9   12   11   14  uvr26104.185
25217   3401.8   12    8   13  uvr26104.185
25317   3985.0   12   10   14  uvr26104.185
25417   4134.2   12    9   14  uvr26104.185
25517   3834.5   12    9   14  uvr26104.185
25617   3885.7   12   10   14  uvr26104.185
25717   2472.9   12   10   13  uvr26104.185
25817   2007.6   12   10   13  uvr26104.185
25917   3503.1   11   10   13  uvr26104.185
26017   3646.3   11    9   13  uvr26104.185
26117   2352.0   11    6   12  uvr26104.185
26217   2359.8   11    5   13  uvr26104.185
26317   3013.2   11    8   14  uvr26104.185
26417   3847.9   11    9   14  uvr26104.185
26517   3470.8   11    8   13  uvr26104.185
26617   2153.4   11    7   14  uvr26104.185
26717   3265.7   11   11   13  uvr26104.185
26817   1846.1   11    9   13  uvr26104.185
26917   2041.6   11    9   13  uvr26104.185
27017   1800.7   11    4   13  uvr26104.185
27117   2367.6    7    5   11  uvr26104.185
27217   2341.7    7    5   11  uvr26104.185
27317   3242.2   11    6   13  uvr26104.185
27417   3188.4   11    9   13  uvr26104.185
27517   3116.8   11    9   13  uvr26104.185
27617   3148.0   11    8   14  uvr26104.185
27717   3186.1   11    9   14  uvr26104.185
27817   3238.5   11    9   13  uvr26104.185
27917   3120.4   11    9   13  uvr26104.185
28017   3320.9   11    9   14  uvr26104.185
28117   1880.1   11   10   13  uvr26104.185
28217   2595.7   10    6   13  uvr26104.185
28317   2890.4   10   10   13  uvr26104.185
28417   2818.5   10   10   13  uvr26104.185
28517   1762.9   10    7   14  uvr26104.185
28617   1763.7   10    9   14  uvr26104.185
28717   1317.9   10    9   14  uvr26104.185
28817   2313.7   10    9   14  uvr26104.185
29017   1131.3   11    5   15  uvr26104.185
29117   2564.4   11    8   13  uvr26104.185
29217   2092.0   11    6   13  uvr26104.185
29317   2924.8   11    9   13  uvr26104.185
29417   2826.0   11    9   13  uvr26104.185
29517   2392.7   11    7   14  uvr26104.185
29617   2119.6   11    7   13  uvr26104.185
29717   2022.9   11    9   14  uvr26104.185
29817   2351.8   11    6   14  uvr26104.185
29917   2024.9   11    8   14  uvr26104.185
30017    700.1   11    4   15  uvr26104.185
30117   1582.2   11    8   14  uvr26104.185
30217   2381.4   11   10   13  uvr26104.185
30317   2359.1   11    9   14  uvr26104.185
30417   1982.7   11    6   15  uvr26104.185
30517   2331.5   11    9   14  uvr26104.185
30617   2420.2   11    8   14  uvr26104.185
30717   1921.0   11   10   13  uvr26104.185
30817   1015.8   11    8   14  uvr26104.185
30917   1180.4   11    9   14  uvr26104.185
31017   2025.8   11    9   14  uvr26104.185
31117   1328.6   11   10   13  uvr26104.185
