0            
0            
0            
0            
0            
0            
0.3410       
2.35         
1.1495       
1573         
80           
.000000029   
1020         
14           
2423         
0            
4370         
10250        
14150        
21800        
26400        
2972         
mkiii       
1            
0            
0            
0            
0            
0            
0            
0            
0            
0            
242          
-3           
770          
740          
8028         
178          
2526         
0.9953       
8.2          
1733         
250          
.4           
64           
256          
0            
0            
-20          
2217         
May 17/13    
