0            
-0.2         
-0.2         
0            
0.7          
0            
0.3410       
2.35         
1.1495       
1555         
80           
.000000029   
1020         
14           
2423         
0            
4370         
10250        
14150        
21800        
26400        
2972         
mkiii       
1            
0            
0            
0            
0            
0            
0            
0            
0            
0            
242          
-3           
770          
740          
8028         
178          
2526         
0.9953       
8.2          
1733         
250          
.4           
64           
256          
0            
0            
-20          
2194         
Jul 08/14    
EXTRAS       
1            
0            
0            
35000        
120000       
1            
1            
0            
0            
06-12-2015
