Slit equations
====================

                               Slit # 0
                               =======

Line 1 file W1010712.185 904.7857 903.1752 2893.600 1.6104736
-318864.0 384.027 375994.3 755.93 1053.47 904.699 148.7664

Line 2 file W1010812.185 2567.5703 2568.1841 3018.360 -0.6137695
-12072.9 4.850 12818.2 2412.60 2720.00 2566.299 153.6963

Line 3 file W2010712.185 1879.0385 1879.2798 2967.280 -0.2413330
-1946988.2 1079.433 2109726.8 1728.33 2029.86 1879.095 150.7629

Line 4 file W2010812.185 2802.7974 2802.7085 3035.780 0.0888672
-55240.0 20.258 58316.8 2650.94 2954.71 2802.822 151.8850

Line 5 file W3010712.185 7163.5234 7162.8457 3341.480 0.6777344
-4928516.0 695.861 5041011.0 7001.78 7325.11 7163.446 161.6631

Line 7 file W4010812.185 4149.0249 4148.6064 3133.167 0.4184570
-1091070.6 267.881 1131921.1 3996.72 4301.71 4149.211 152.4949

Line 8 file W5010812.185 5973.6177 5978.2261 3261.055 -4.6083984
-145358560.0 24659.236 149378336.0 5813.18 6139.21 5976.197 163.0127

Line 9 file W6010812.185 8100.0850 8101.3047 3403.652 -1.2197266
-6128140.0 763.932 6247728.0 7943.57 8256.66 8100.114 156.5430

Wavelength versus step # constants: 2824.08 0.0776012 -7.48395e-07
Wavelength (given):   2893.60  3018.36  2967.28  3035.78  3341.48  3133.17  3261.05  3403.65
Wavelength (calc):    2893.68  3018.30  2967.26  3035.71  3341.57  3133.18  3261.11  3403.56
Accuracy(giv-cal):     -0.077    0.058    0.019    0.073   -0.092   -0.016   -0.060    0.094

                               Slit # 1
                               =======

Line 2 file W1110812.185 2142.3140 2139.4282 3018.360 2.8857422
-10531.6 5.100 11307.0 1988.91 2292.95 2140.931 152.0168

Line 3 file W2110712.185 1454.2992 1454.5516 2967.280 -0.2524414
-1513473.4 1097.244 1678311.0 1304.23 1604.68 1454.455 150.2288

Line 4 file W2110812.185 2377.7083 2378.1711 3035.780 -0.4628906
-45672.4 19.840 48675.8 2226.29 2529.05 2377.670 151.3762

Line 5 file W3110712.185 6743.1978 6743.8555 3341.480 -0.6577148
-5162619.0 774.206 5278850.5 6593.21 6893.47 6743.341 150.1299

Line 6 file W3110812.185 5865.6533 5865.5610 3282.330 0.0922852
-15360973.0 2653.410 15766652.0 5712.70 6018.48 5865.589 152.8896

Line 7 file W4110812.185 3724.1526 3724.4731 3133.167 -0.3205566
-964434.2 264.362 1004698.9 3572.00 3876.62 3724.307 152.3088

Line 8 file W5110812.185 5551.4380 5554.6475 3261.055 -3.2094727
-145195376.0 26514.281 149331472.0 5398.12 5710.11 5554.117 155.9951

Line 9 file W6110812.185 7681.3042 7678.3521 3403.652 2.9521484
-5785047.5 761.008 5904932.5 7523.06 7838.13 7680.594 157.5342

Wavelength versus step # constants: 2857.16 0.0768674 -7.45889e-07
Wavelength (given):   3018.36  2967.28  3035.78  3341.48  3282.33  3133.17  3261.05  3403.65
Wavelength (calc):    3018.31  2967.39  3035.71  3341.59  3282.37  3133.10  3261.08  3403.55
Accuracy(giv-cal):      0.048   -0.106    0.068   -0.109   -0.044    0.071   -0.030    0.102

                               Slit # 2
                               =======

Line 2 file W1210812.185 1622.6239 1623.7783 3018.360 -1.1544189
-7651.8 4.950 8413.0 1468.96 1776.52 1622.737 153.7792

Line 3 file W2210712.185 935.6459 935.5998 2967.280 0.0461426
-972766.7 1129.323 1140758.1 786.99 1084.50 935.749 148.7542

Line 4 file W2210812.185 1858.8770 1859.3467 3035.780 -0.4697266
-35987.1 20.176 39028.1 1708.31 2009.75 1859.029 150.7224

Line 5 file W3210712.185 6230.4033 6227.7480 3341.480 2.6552734
-4588677.5 745.757 4703146.5 6076.30 6383.29 6229.797 153.4937

Line 6 file W3210812.185 5350.8062 5349.0820 3282.330 1.7241211
-14290611.0 2709.309 14703167.0 5198.50 5503.04 5350.769 152.2734

Line 7 file W4210812.185 3206.8052 3207.1052 3133.167 -0.3000488
-827567.8 264.300 867639.8 3055.36 3358.60 3206.980 151.6157

Line 8 file W5210812.185 5035.6973 5039.4136 3261.055 -3.7163086
-122440480.0 24695.520 126397392.0 4877.89 5198.35 5038.118 160.2280

Line 9 file W6210812.185 7171.5234 7171.3301 3403.652 0.1933594
-5369417.5 757.068 5489186.0 7013.28 7329.68 7171.483 158.2007

Wavelength versus step # constants: 2896.75 0.0761688 -7.66137e-07
Wavelength (given):   3018.36  2967.28  3035.78  3341.48  3282.33  3133.17  3261.05  3403.65
Wavelength (calc):    3018.34  2967.36  3035.70  3341.53  3282.38  3133.14  3261.05  3403.59
Accuracy(giv-cal):      0.023   -0.076    0.075   -0.055   -0.049    0.022    0.001    0.059

                               Slit # 3
                               =======

Line 2 file W1310812.185 1141.1163 1140.7651 3018.360 0.3511963
-5503.6 5.183 6312.3 983.91 1296.01 1139.962 156.0483

Line 3 file W2310712.185 451.9427 451.7099 2967.280 0.2328491
-421517.7 1127.616 598032.5 295.54 608.62 452.082 156.5380

Line 4 file W2310812.185 1376.7450 1375.6727 3035.780 1.0722656
-26236.8 20.204 29386.0 1220.64 1532.38 1376.510 155.8690

Line 5 file W3310712.185 5754.6558 5756.6553 3341.480 -1.9995117
-4107964.2 723.986 4225042.0 5593.24 5916.67 5754.954 161.7129

Line 6 file W3310812.185 4872.8618 4873.6660 3282.330 -0.8041992
-12876904.0 2686.576 13304428.0 4713.49 5031.75 4872.621 159.1333

Line 7 file W4310812.185 2725.0889 2724.9993 3133.167 0.0895996
-719805.3 271.886 761963.6 2569.93 2880.04 2724.985 155.0586

Line 8 file W5310812.185 4557.0703 4557.4272 3261.055 -0.3569336
-104650800.0 23389.633 108637184.0 4389.02 4729.89 4559.456 170.4336

Line 9 file W6310812.185 6698.4175 6699.3198 3403.652 -0.9023438
-5375455.0 811.830 5500630.0 6544.31 6852.69 6698.502 154.1885

Wavelength versus step # constants: 2933.39 0.0754217 -7.80757e-07
Wavelength (given):   3018.36  2967.28  3035.78  3341.48  3282.33  3133.17  3261.05  3403.65
Wavelength (calc):    3018.36  2967.33  3035.73  3341.58  3282.36  3133.12  3261.05  3403.57
Accuracy(giv-cal):      0.003   -0.051    0.047   -0.104   -0.028    0.047    0.010    0.078

                               Slit # 4
                               =======

Line 2 file W1410812.185 671.4099 668.4297 3018.360 2.9801025
-3108.2 5.238 3912.4 516.67 823.75 670.212 153.5411

Line 4 file W2410812.185 907.0869 906.3769 3035.780 0.7100220
-16674.7 20.076 19737.9 754.30 1059.46 906.882 152.5797

Line 5 file W3410712.185 5291.8911 5292.5073 3341.480 -0.6162109
-3785424.5 725.930 3898130.0 5136.96 5447.47 5292.218 155.2568

Line 6 file W3410812.185 4408.3330 4409.0635 3282.330 -0.7304688
-11228564.0 2593.265 11635101.0 4251.51 4565.04 4408.277 156.7661

Line 7 file W4410812.185 2257.7769 2258.7976 3133.167 -1.0207520
-575893.7 264.037 616393.3 2104.42 2411.19 2257.802 153.3860

Line 8 file W5410812.185 4092.4001 4094.1956 3261.055 -1.7954102
-102239640.0 25470.547 106357456.0 3933.20 4256.54 4094.869 161.6697

Line 9 file W6410812.185 6238.8159 6234.7607 3403.652 4.0551758
-4530956.5 735.864 4649717.5 6076.63 6399.41 6238.022 161.3896

Line 10 file W7410812.185 7745.1216 7744.7915 3499.952 0.3300781
-62839.3 8.198 64151.5 7585.27 7905.41 7745.341 160.0674

Wavelength versus step # constants: 2968.86 0.0744589 -7.61449e-07
Wavelength (given):   3018.36  3035.78  3341.48  3282.33  3133.17  3261.05  3403.65  3499.95
Wavelength (calc):    3018.43  3035.76  3341.59  3282.30  3133.10  3261.00  3403.71  3499.89
Accuracy(giv-cal):     -0.065    0.017   -0.110    0.028    0.071    0.060   -0.058    0.058

                               Slit # 5
                               =======

Line 5 file W3510712.185 4839.5381 4839.4370 3341.480 0.1010742
-3423245.5 719.132 3537056.8 4681.12 4997.64 4839.378 158.2622

Line 8 file W5510812.185 3637.0090 3638.8550 3261.055 -1.8459473
-86691168.0 24372.611 90721360.0 3474.23 3804.95 3639.588 165.3572

Line 9 file W6510812.185 5789.7993 5790.0645 3403.652 -0.2651367
-4264654.0 746.865 4383465.0 5630.53 5948.69 5789.609 159.0796

Line 10 file W7510812.185 7301.1113 7301.6426 3499.952 -0.5312500
-55412.7 7.672 56628.2 7143.26 7460.12 7301.693 158.4287

Line 11 file W8510812.185 9111.7275 9112.0029 3611.510 -0.2753906
-155826272.0 17273.645 158917808.0 8931.56 9289.50 9110.529 178.9736

Wavelength versus step # constants: 3005.77 0.0726045 -6.71856e-07
Wavelength (given):   3341.48  3261.05  3403.65  3499.95  3611.51
Wavelength (calc):    3341.39  3261.12  3403.60  3500.08  3611.47
Accuracy(giv-cal):      0.089   -0.061    0.056   -0.129    0.045

  Original O3 weight    0.00    0.00   -1.00    0.50    2.20   -1.70
 Original SO2 weight    0.00   -1.00    0.00    0.00    4.20   -3.20

1014 Wavelength(A) 3031.61 3062.69 3100.21 3134.69 3167.66 3200.14 SO2: 1.1493
     Resolution(A)   11.22   11.04   10.96   11.24   10.90   10.82
     O3 Abs (1/cm)  2.6302  1.7869  1.0061  0.6773  0.3748  0.2927  O3: 0.3404
     SO2Abs (1/cm)  2.6839  6.5006  1.9672  1.8714  0.9787  0.5247
 Ozone weighting:     0.00    0.00   -1.00    0.03    3.06   -2.09  O3: 0.4506 0.9 -0.3
 SO2   weighting:     0.00   -1.00    0.00    0.00    4.38   -3.38 SO2: 1.1345 -0.5 0.0
 Rayleigh coeff.:     5329    5099    4837    4612    4409    4220  -1.7 /   -6.2 (DU)
 Rayleigh orign.:        0    4870    4620    4410    4220    4040  +0.3 /   -4.1 (DU)

1015 Wavelength(A) 3031.68 3062.76 3100.28 3134.76 3167.73 3200.21 SO2: 1.1461
     Resolution(A)   11.22   11.04   10.96   11.24   10.90   10.82
     O3 Abs (1/cm)  2.6275  1.7855  1.0058  0.6771  0.3748  0.2921  O3: 0.3393
     SO2Abs (1/cm)  2.6598  6.5414  1.9772  1.8537  0.9820  0.5189
 Ozone weighting:     0.00    0.00   -1.00    0.00    3.12   -2.12  O3: 0.4557 573.4 1132.4
 SO2   weighting:     0.00   -1.00    0.00    0.00    4.38   -3.38 SO2: 1.1312 -0.5 0.0
 Rayleigh coeff.:     5328    5098    4837    4612    4409    4220  -1.7 /   -6.3 (DU)
 Rayleigh orign.:        0    4870    4620    4410    4220    4040  +0.3 /   -4.2 (DU)

1016 Wavelength(A) 3031.75 3062.84 3100.35 3134.83 3167.80 3200.28 SO2: 1.1426
     Resolution(A)   11.22   11.04   10.96   11.24   10.90   10.82
     O3 Abs (1/cm)  2.6250  1.7840  1.0055  0.6768  0.3748  0.2915  O3: 0.3380
     SO2Abs (1/cm)  2.6375  6.5814  1.9869  1.8355  0.9851  0.5130
 Ozone weighting:     0.00    0.00   -1.00   -0.03    3.19   -2.16  O3: 0.4598 0.8 -0.2
 SO2   weighting:     0.00   -1.00    0.00    0.00    4.38   -3.38 SO2: 1.1276 -0.5 0.0
 Rayleigh coeff.:     5328    5098    4836    4611    4408    4219  -1.7 /   -5.9 (DU)
 Rayleigh orign.:        0    4870    4620    4410    4220    4040  +0.3 /   -3.8 (DU)

1017 Wavelength(A) 3031.83 3062.91 3100.42 3134.90 3167.87 3200.35 SO2: 1.1390
     Resolution(A)   11.22   11.04   10.96   11.24   10.90   10.82
     O3 Abs (1/cm)  2.6224  1.7825  1.0052  0.6765  0.3749  0.2909  O3: 0.3368
     SO2Abs (1/cm)  2.6161  6.6177  1.9967  1.8173  0.9881  0.5070
 Ozone weighting:     0.00    0.00   -1.00   -0.07    3.28   -2.21  O3: 0.4659 0.8 -0.1
 SO2   weighting:     0.00   -1.00    0.00    0.00    4.38   -3.38 SO2: 1.1239 -0.5 0.0
 Rayleigh coeff.:     5327    5097    4836    4611    4408    4219  -1.7 /   -5.5 (DU)
 Rayleigh orign.:        0    4870    4620    4410    4220    4040  +0.3 /   -3.4 (DU)

1018 Wavelength(A) 3031.90 3062.98 3100.49 3134.97 3167.94 3200.42 SO2: 1.1355
     Resolution(A)   11.22   11.04   10.96   11.24   10.90   10.82
     O3 Abs (1/cm)  2.6199  1.7810  1.0049  0.6762  0.3749  0.2903  O3: 0.3356
     SO2Abs (1/cm)  2.5947  6.6525  2.0083  1.7998  0.9911  0.5011
 Ozone weighting:     0.00    0.00   -1.00   -0.12    3.36   -2.24  O3: 0.4768 0.8 -0.3
 SO2   weighting:     0.00   -1.00    0.00    0.00    4.38   -3.38 SO2: 1.1203 -0.5 0.0
 Rayleigh coeff.:     5327    5096    4835    4610    4407    4218  -1.7 /   -6.4 (DU)
 Rayleigh orign.:        0    4870    4620    4410    4220    4040  +0.3 /   -4.2 (DU)

1019 Wavelength(A) 3031.97 3063.05 3100.57 3135.04 3168.01 3200.48 SO2: 1.1317
     Resolution(A)   11.22   11.04   10.96   11.24   10.90   10.82
     O3 Abs (1/cm)  2.6172  1.7793  1.0046  0.6758  0.3750  0.2898  O3: 0.3344
     SO2Abs (1/cm)  2.5734  6.6872  2.0199  1.7826  0.9942  0.4952
 Ozone weighting:     0.00    0.00   -1.00   -0.17    3.47   -2.30  O3: 0.4848 0.8 -0.2
 SO2   weighting:     0.00   -1.00    0.00    0.00    4.38   -3.38 SO2: 1.1164 -0.4 0.0
 Rayleigh coeff.:     5326    5096    4835    4610    4407    4218  -1.7 /   -6.0 (DU)
 Rayleigh orign.:        0    4870    4620    4410    4220    4040  +0.3 /   -3.9 (DU)

1020 Wavelength(A) 3032.05 3063.13 3100.64 3135.11 3168.08 3200.55 SO2: 1.1279
     Resolution(A)   11.22   11.04   10.96   11.24   10.90   10.82
     O3 Abs (1/cm)  2.6146  1.7777  1.0043  0.6755  0.3750  0.2892  O3: 0.3331
     SO2Abs (1/cm)  2.5534  6.7214  2.0313  1.7651  0.9972  0.4893
 Ozone weighting:     0.00    0.00   -1.00   -0.23    3.60   -2.37  O3: 0.4949 0.8 -0.1
 SO2   weighting:     0.00   -1.00    0.00    0.00    4.38   -3.38 SO2: 1.1125 -0.4 0.0
 Rayleigh coeff.:     5326    5095    4834    4609    4406    4218  -1.7 /   -5.7 (DU)
 Rayleigh orign.:        0    4870    4620    4410    4220    4040  +0.3 /   -3.6 (DU)

1021 Wavelength(A) 3032.12 3063.20 3100.71 3135.18 3168.15 3200.62 SO2: 1.1241
     Resolution(A)   11.22   11.04   10.96   11.24   10.90   10.82
     O3 Abs (1/cm)  2.6119  1.7761  1.0040  0.6751  0.3751  0.2886  O3: 0.3318
     SO2Abs (1/cm)  2.5344  6.7521  2.0427  1.7473  1.0001  0.4833
 Ozone weighting:     0.00    0.00   -1.00   -0.31    3.76   -2.45  O3: 0.5099 0.7 -0.1
 SO2   weighting:     0.00   -1.00    0.00    0.00    4.38   -3.38 SO2: 1.1085 -0.4 0.0
 Rayleigh coeff.:     5325    5095    4834    4609    4406    4217  -1.7 /   -5.7 (DU)
 Rayleigh orign.:        0    4870    4620    4410    4220    4040  +0.3 /   -3.6 (DU)

1022 Wavelength(A) 3032.19 3063.27 3100.78 3135.25 3168.22 3200.69 SO2: 1.1200
     Resolution(A)   11.22   11.04   10.96   11.24   10.90   10.82
     O3 Abs (1/cm)  2.6095  1.7744  1.0037  0.6747  0.3752  0.2879  O3: 0.3304
     SO2Abs (1/cm)  2.5154  6.7801  2.0561  1.7304  1.0029  0.4774
 Ozone weighting:     0.00    0.00   -1.00   -0.41    3.96   -2.55  O3: 0.5288 0.7 -0.2
 SO2   weighting:     0.00   -1.00    0.00    0.00    4.38   -3.38 SO2: 1.1043 -0.4 0.0
 Rayleigh coeff.:     5324    5094    4833    4608    4406    4217  -1.7 /   -5.8 (DU)
 Rayleigh orign.:        0    4870    4620    4410    4220    4040  +0.3 /   -3.7 (DU)

Umkher:
1018 Wavelength(A) 3031.90 3062.98 3100.49 3134.97 3167.94 3200.42 SO2: 1.1355
     Resolution(A)   11.22   11.04   10.96   11.24   10.90   10.82
log(10)*O3abs       6.0326  4.1008  2.3138  1.5569  0.8632  0.6685  O3: 0.7728
 Ozone weighting:     0.00    0.00   -1.00   -0.12    3.36   -2.24  O3: 1.0978
 SO2   weighting:     0.00   -1.00    0.00    0.00    4.38   -3.38 SO2: 1.1203
 Rayleigh coeff.:     5327    5096    4835    4610    4407    4218

Umkher:
2427 Wavelength(A) 3133.95 3164.02 3200.36 3233.64 3265.44 3296.17 SO2: 0.2993
     Resolution(A)   11.05   10.78   10.72   10.95   10.68   10.70
log(10)*O3abs       1.5633  0.9039  0.6702  0.2755  0.1098  0.0771  O3: 0.1832
 Rayleigh coeff.:     4617    4431    4219    4036    3870    3719

Zero = 1733   CalStep = 1018   UmkOffset = 2427  NO2 switch = 2505

For umksetup:
 4.1008   2.3138   1.5569   0.8632  
 0.6702   0.2755   0.1098   0.0771  

