Slit equations
====================

                               Slit # 0
                               =======

Line 1 file W1019804.185 908.3440 908.2741 2893.600 0.0698853
-902215.0 1081.257 1062430.5 760.33 1056.68 908.500 148.1752

Line 2 file W2019804.185 1881.9904 1881.4550 2967.280 0.5354004
-3964076.2 2195.088 4297895.5 1729.85 2034.00 1881.922 152.0756

Line 3 file W3019804.185 7168.6313 7168.8335 3341.480 -0.2021484
-10382899.0 1464.492 10613759.0 7010.94 7326.22 7168.582 157.6382

Line 4 file W4020204.185 3424.9626 3425.3696 3080.822 -0.4069824
-893358.1 266.829 934587.4 3270.80 3579.83 3425.313 154.5161

Line 5 file W5020204.185 4153.7432 4154.4155 3133.167 -0.6723633
-4893494.0 1200.206 5077504.5 4000.56 4307.19 4153.871 153.3159

Line 6 file W6020204.185 5970.7485 5985.3784 3261.055 -14.6298828
-14612557.0 2476.043 15016781.0 5819.95 6146.46 5983.203 163.2544

Line 7 file W7020204.185 8108.4751 8108.6396 3403.652 -0.1645508
-15608828.0 1944.404 15923460.0 7946.66 8270.28 8108.471 161.8140

Wavelength versus step # constants: 2823.82 0.0775863 -7.50066e-07
Wavelength (given):   2893.60  2967.28  3341.48  3080.82  3133.17  3261.05  3403.65
Wavelength (calc):    2893.69  2967.18  3341.46  3080.78  3133.16  3261.18  3403.61
Accuracy(giv-cal):     -0.089    0.104    0.021    0.044    0.005   -0.129    0.040

                               Slit # 1
                               =======

Line 1 file W1119804.185 482.3130 482.7487 2893.600 -0.4357300
-429666.5 1058.348 591117.2 329.70 634.80 482.253 152.5498

Line 2 file W2119804.185 1457.0186 1458.2310 2967.280 -1.2124023
-3041428.8 2200.087 3370851.8 1307.55 1607.01 1457.279 149.7318

Line 3 file W3119804.185 6748.5698 6749.8193 3341.480 -1.2495117
-9865260.0 1478.676 10093006.0 6594.67 6902.71 6748.693 154.0200

Line 4 file W4120204.185 2999.1672 2998.8721 3080.822 0.2951660
-765697.1 261.972 805859.9 2846.16 3152.78 2999.473 153.3096

Line 5 file W5120204.185 3728.3918 3728.4595 3133.167 -0.0676270
-4214079.0 1153.973 4390964.0 3575.16 3881.73 3728.442 153.2834

Line 6 file W6120204.185 5547.9551 5563.2925 3261.055 -15.3374023
-13822181.0 2522.348 14226675.0 5399.70 5720.43 5560.068 160.3643

Line 7 file W7120204.185 7689.6113 7689.2178 3403.652 0.3935547
-15512507.0 2037.883 15827881.0 7534.69 7844.20 7689.446 154.7559

Wavelength versus step # constants: 2856.70 0.0769799 -7.6186e-07
Wavelength (given):   2893.60  2967.28  3341.48  3080.82  3133.17  3261.05  3403.65
Wavelength (calc):    2893.65  2967.27  3341.52  3080.75  3133.13  3261.16  3403.59
Accuracy(giv-cal):     -0.049    0.015   -0.037    0.075    0.041   -0.108    0.064

                               Slit # 2
                               =======

Line 3 file W3219804.185 6234.9731 6235.1523 3341.480 -0.1791992
-9001858.0 1461.797 9226750.0 6081.15 6388.85 6235.001 153.8462

Line 4 file W4220204.185 2480.3621 2480.2017 3080.822 0.1604004
-633122.0 263.352 673397.0 2327.63 2633.49 2480.559 152.9321

Line 5 file W5220204.185 3210.2302 3210.2566 3133.167 -0.0263672
-3660430.2 1167.537 3835709.2 3060.11 3360.36 3210.235 150.1270

Line 6 file W6220204.185 5031.8203 5045.8828 3261.055 -14.0625000
-12267493.0 2471.294 12662751.0 4884.03 5203.90 5043.965 159.9395

Line 7 file W7220204.185 7179.0845 7178.0127 3403.652 1.0717773
-13960502.0 1966.360 14271222.0 7020.66 7336.69 7178.675 158.0181

Line 8 file W8220204.185 8673.4092 8675.3135 3499.952 -1.9042969
-4243762.0 493.663 4320600.0 8518.65 8829.94 8674.294 155.6484

Wavelength versus step # constants: 2897.56 0.0756873 -7.20335e-07
Wavelength (given):   3341.48  3080.82  3133.17  3261.05  3403.65  3499.95
Wavelength (calc):    3341.47  3080.88  3133.11  3261.00  3403.78  3499.90
Accuracy(giv-cal):      0.011   -0.054    0.055    0.055   -0.123    0.056

                               Slit # 3
                               =======

Line 2 file W2319804.185 453.1863 452.6644 2967.280 0.5218811
-823992.2 2199.048 1168619.4 296.35 609.78 453.062 156.7166

Line 3 file W3319804.185 5758.0107 5758.0884 3341.480 -0.0776367
-8137255.5 1433.294 8368066.0 5596.79 5918.86 5757.828 161.0352

Line 4 file W4320204.185 1997.6193 1997.5691 3080.822 0.0501709
-507280.3 264.304 548775.3 1840.81 2154.80 1997.805 156.9972

Line 5 file W5320204.185 2727.8015 2727.7185 3133.167 0.0830078
-3075455.2 1160.609 3255966.2 2572.10 2883.16 2727.629 155.5312

Line 6 file W6320204.185 4552.6670 4566.8403 3261.055 -14.1733398
-11097810.0 2476.407 11508404.0 4398.52 4730.12 4564.317 165.8022

Line 7 file W7320204.185 6705.1084 6706.1821 3403.652 -1.0737305
-12752412.0 1925.332 13066545.0 6541.91 6868.22 6705.066 163.1577

Wavelength versus step # constants: 2933.30 0.0753977 -7.83045e-07
Wavelength (given):   2967.28  3341.48  3080.82  3133.17  3261.05  3403.65
Wavelength (calc):    2967.30  3341.46  3080.80  3133.13  3261.12  3403.64
Accuracy(giv-cal):     -0.017    0.016    0.020    0.039   -0.068    0.012

                               Slit # 4
                               =======

Line 3 file W3419804.185 5295.1733 5294.1401 3341.480 1.0332031
-7459461.0 1430.117 7685545.5 5136.94 5453.11 5295.024 158.0879

Line 4 file W4420204.185 1528.5499 1528.7588 3080.822 -0.2088623
-388418.7 267.510 429341.2 1375.49 1681.44 1528.464 152.9755

Line 5 file W5420204.185 2259.8037 2260.0791 3133.167 -0.2753906
-2451852.0 1123.725 2626839.0 2104.04 2415.48 2259.757 155.7205

Line 6 file W6420204.185 4086.9512 4101.5283 3261.055 -14.5771484
-9886541.0 2461.053 10288958.0 3935.44 4262.47 4098.957 163.5144

Line 7 file W7420204.185 6244.9365 6245.3589 3403.652 -0.4223633
-12024572.0 1950.459 12335485.0 6085.29 6404.10 6244.698 159.4053

Line 8 file W8420204.185 7751.0210 7751.6748 3499.952 -0.6538086
-3486858.5 454.619 3561122.2 7588.18 7914.89 7751.532 163.3540

Wavelength versus step # constants: 2969.02 0.0743234 -7.52977e-07
Wavelength (given):   3341.48  3080.82  3133.17  3261.05  3403.65  3499.95
Wavelength (calc):    3341.45  3080.86  3133.13  3261.02  3403.78  3499.89
Accuracy(giv-cal):      0.029   -0.037    0.041    0.040   -0.130    0.058

                               Slit # 5
                               =======

Line 3 file W3519804.185 4841.7373 4841.9790 3341.480 -0.2416992
-6711196.0 1409.257 6934889.5 4682.86 5000.32 4841.587 158.7314

Line 4 file W4520204.185 1068.6031 1069.5140 3080.822 -0.9108887
-246061.0 248.491 285110.6 911.65 1225.94 1068.793 157.1467

Line 5 file W5520204.185 1799.5642 1799.7803 3133.167 -0.2160645
-1930293.4 1120.445 2102345.0 1646.01 1953.13 1799.571 153.5566

Line 6 file W6520204.185 3631.1030 3645.2295 3261.055 -14.1264648
-8296116.0 2331.053 8686279.0 3475.27 3810.02 3642.645 167.3762

Line 9 file W9520204.185 9122.1953 9120.3320 3611.510 1.8632812
-166302384.0 18424.021 169764176.0 8932.44 9308.23 9120.336 187.8955

Wavelength versus step # constants: 3003.23 0.0734815 -7.44205e-07
Wavelength (given):   3341.48  3080.82  3133.17  3261.05  3611.51
Wavelength (calc):    3341.55  3080.91  3133.05  3261.02  3611.50
Accuracy(giv-cal):     -0.069   -0.091    0.115    0.036    0.010

  Original O3 weight    0.00    0.00   -1.00    0.50    2.20   -1.70
 Original SO2 weight    0.00   -1.00    0.00    0.00    4.20   -3.20

 280 Wavelength(A) 3031.44 3062.56 3100.18 3134.65 3167.64 3199.60 SO2: 1.1612
     Resolution(A)   11.22   11.24   10.91   11.30   11.01   10.99
     O3 Abs (1/cm)  2.6368  1.7890  1.0062  0.6772  0.3749  0.2959  O3: 0.3458
 Ozone weighting:     0.00    0.00   -1.00    0.18    2.79   -1.97  O3: 0.4212 0.6 -0.2
 SO2   weighting:     0.00   -1.00    0.00    0.00    4.44   -3.44 SO2: 1.1423 -0.4 0.0
 Rayleigh coeff.:     5330    5100    4837    4612    4409    4223  -2.6 /   -6.2 (DU)
 Rayleigh orign.:        0    4870    4620    4410    4220    4040  +0.2 /   -2.7 (DU)

 281 Wavelength(A) 3031.51 3062.64 3100.25 3134.72 3167.71 3199.67 SO2: 1.1584
     Resolution(A)   11.22   11.24   10.91   11.30   11.01   10.99
     O3 Abs (1/cm)  2.6339  1.7875  1.0059  0.6770  0.3749  0.2955  O3: 0.3449
 Ozone weighting:     0.00    0.00   -1.00    0.17    2.82   -1.99  O3: 0.4216 0.6 -0.1
 SO2   weighting:     0.00   -1.00    0.00    0.00    4.44   -3.44 SO2: 1.1394 -0.4 0.0
 Rayleigh coeff.:     5330    5099    4837    4612    4409    4223  -2.6 /   -5.8 (DU)
 Rayleigh orign.:        0    4870    4620    4410    4220    4040  +0.5 /   -5.1 (DU)

 282 Wavelength(A) 3031.58 3062.71 3100.33 3134.79 3167.78 3199.74 SO2: 1.1555
     Resolution(A)   11.22   11.24   10.91   11.30   11.01   10.99
     O3 Abs (1/cm)  2.6311  1.7861  1.0056  0.6768  0.3749  0.2951  O3: 0.3439
 Ozone weighting:     0.00    0.00   -1.00    0.15    2.85   -2.00  O3: 0.4256 0.6 -0.2
 SO2   weighting:     0.00   -1.00    0.00    0.00    4.44   -3.44 SO2: 1.1364 -0.4 0.0
 Rayleigh coeff.:     5329    5098    4836    4611    4408    4222  -2.6 /   -6.3 (DU)
 Rayleigh orign.:        0    4870    4620    4410    4220    4040  +0.7 /   -7.8 (DU)

 283 Wavelength(A) 3031.66 3062.78 3100.40 3134.86 3167.85 3199.81 SO2: 1.1525
     Resolution(A)   11.22   11.24   10.91   11.30   11.01   10.99
     O3 Abs (1/cm)  2.6283  1.7847  1.0053  0.6765  0.3750  0.2946  O3: 0.3429
 Ozone weighting:     0.00    0.00   -1.00    0.13    2.89   -2.02  O3: 0.4288 0.6 -0.3
 SO2   weighting:     0.00   -1.00    0.00    0.00    4.44   -3.44 SO2: 1.1332 -0.4 0.0
 Rayleigh coeff.:     5329    5098    4836    4611    4408    4222  -2.5 /   -6.3 (DU)
 Rayleigh orign.:        0    4870    4620    4410    4220    4040  +1.0 /  -10.6 (DU)

 284 Wavelength(A) 3031.73 3062.85 3100.47 3134.93 3167.92 3199.88 SO2: 1.1495
     Resolution(A)   11.22   11.24   10.91   11.30   11.01   10.99
     O3 Abs (1/cm)  2.6258  1.7832  1.0050  0.6762  0.3750  0.2941  O3: 0.3419
 Ozone weighting:     0.00    0.00   -1.00    0.11    2.93   -2.04  O3: 0.4319 0.6 -0.3
 SO2   weighting:     0.00   -1.00    0.00    0.00    4.44   -3.44 SO2: 1.1300 -0.4 0.0
 Rayleigh coeff.:     5328    5097    4835    4610    4407    4221  -2.5 /   -6.3 (DU)
 Rayleigh orign.:        0    4870    4620    4410    4220    4040  +1.2 /  -13.3 (DU)

 285 Wavelength(A) 3031.80 3062.93 3100.54 3135.00 3167.99 3199.95 SO2: 1.1462
     Resolution(A)   11.22   11.24   10.91   11.30   11.01   10.99
     O3 Abs (1/cm)  2.6232  1.7816  1.0048  0.6758  0.3750  0.2937  O3: 0.3410
 Ozone weighting:     0.00    0.00   -1.00    0.09    2.97   -2.06  O3: 0.4350 0.6 -0.3
 SO2   weighting:     0.00   -1.00    0.00    0.00    4.44   -3.44 SO2: 1.1267 -0.3 0.0
 Rayleigh coeff.:     5327    5097    4835    4610    4407    4221  -2.5 /   -6.4 (DU)
 Rayleigh orign.:        0    4870    4620    4410    4220    4040  +1.4 /  -16.1 (DU)

 286 Wavelength(A) 3031.88 3063.00 3100.61 3135.07 3168.06 3200.02 SO2: 1.1427
     Resolution(A)   11.22   11.24   10.91   11.30   11.01   10.99
     O3 Abs (1/cm)  2.6207  1.7800  1.0045  0.6755  0.3751  0.2932  O3: 0.3399
 Ozone weighting:     0.00    0.00   -1.00    0.06    3.03   -2.09  O3: 0.4401 0.6 -0.3
 SO2   weighting:     0.00   -1.00    0.00    0.00    4.44   -3.44 SO2: 1.1231 -0.3 0.0
 Rayleigh coeff.:     5327    5096    4835    4609    4406    4221  -2.5 /   -6.4 (DU)
 Rayleigh orign.:        0    4870    4620    4410    4220    4040  +1.6 /  -18.8 (DU)

 287 Wavelength(A) 3031.95 3063.07 3100.68 3135.15 3168.13 3200.09 SO2: 1.1391
     Resolution(A)   11.22   11.24   10.91   11.30   11.01   10.99
     O3 Abs (1/cm)  2.6181  1.7783  1.0041  0.6751  0.3752  0.2927  O3: 0.3387
 Ozone weighting:     0.00    0.00   -1.00    0.03    3.10   -2.13  O3: 0.4442 0.6 -0.2
 SO2   weighting:     0.00   -1.00    0.00    0.00    4.44   -3.44 SO2: 1.1193 -0.3 0.0
 Rayleigh coeff.:     5326    5096    4834    4609    4406    4220  -2.4 /   -6.0 (DU)
 Rayleigh orign.:        0    4870    4620    4410    4220    4040  +1.9 /  -21.2 (DU)

 288 Wavelength(A) 3032.02 3063.14 3100.76 3135.22 3168.20 3200.16 SO2: 1.1355
     Resolution(A)   11.22   11.24   10.91   11.30   11.01   10.99
     O3 Abs (1/cm)  2.6154  1.7767  1.0038  0.6747  0.3752  0.2921  O3: 0.3376
 Ozone weighting:     0.00    0.00   -1.00    0.00    3.17   -2.17  O3: 0.4482 0.5 -0.1
 SO2   weighting:     0.00   -1.00    0.00    0.00    4.44   -3.44 SO2: 1.1155 -0.3 0.0
 Rayleigh coeff.:     5326    5095    4834    4609    4406    4220  -2.4 /   -5.7 (DU)
 Rayleigh orign.:        0    4870    4620    4410    4220    4040  +2.1 /  -23.2 (DU)

Umkher:
 284 Wavelength(A) 3031.73 3062.85 3100.47 3134.93 3167.92 3199.88 SO2: 1.1495
     Resolution(A)   11.22   11.24   10.91   11.30   11.01   10.99
log(10)*O3abs       6.0461  4.1060  2.3141  1.5569  0.8635  0.6773  O3: 0.7874
 Ozone weighting:     0.00    0.00   -1.00    0.11    2.93   -2.04  O3: 0.9945
 SO2   weighting:     0.00   -1.00    0.00    0.00    4.44   -3.44 SO2: 1.1300
 Rayleigh coeff.:     5328    5097    4835    4610    4407    4221

Umkher:
1689 Wavelength(A) 3133.46 3163.61 3199.82 3233.26 3265.04 3295.90 SO2: 0.3184
     Resolution(A)   11.11   11.00   10.78   11.07   10.86   10.88
log(10)*O3abs       1.5619  0.9140  0.6793  0.2856  0.1017  0.0770  O3: 0.1926
 Ozone weighting:     0.00    0.00   -1.00   -9.78   23.21  -12.43  O3: 2.0692
 SO2   weighting:     0.00   -1.00    0.00    0.00    4.43   -3.43 SO2: 0.3159
 Rayleigh coeff.:     4620    4433    4222    4038    3872    3720

Zero = 2469   CalStep = 284   UmkOffset = 1689  NO2 switch = 2501

For umksetup:
 4.1060   2.3141   1.5569   0.8635  
 0.6793   0.2856   0.1017   0.0770  

