Slit  0 Line  2   1878.9467  1879.4590   2967.280  -0.5123291 -3273618.8   1814.857  3546146.5    1728.71    2029.04   1878.872   150.1649     -0.044
Slit  0 Line  3   7171.1875  7175.0771   3341.480  -3.8896484 -8928987.0   1258.180  9117840.0    7021.70    7321.90   7171.798   150.1001      0.039
Slit  0 Line  4   2567.9001  2565.1675   3018.360   2.7326660    -7505.8      3.016     7975.3    2411.00    2722.31   2566.656   155.6543      0.024
Slit  0 Line  5   2803.6382  2802.3706   3035.780   1.2675781   -33768.4     12.379    35641.9    2652.29    2955.01   2803.650   151.3569      0.033
Slit  0 Line  7   4151.2700  4152.0469   3133.167  -0.7768555  -778327.6    191.014   807609.0    3998.08    4304.67   4151.373   153.2949      0.021
Slit  0 Line  8   5980.0176  5985.1333   3261.055  -5.1157227 -104959632.0  17775.998 107758968.0    5825.83    6140.79   5983.310   157.4785     -0.073
Slit  1 Line  2   1452.6578  1452.7214   2967.280  -0.0635986 -2421385.2   1758.407  2687278.8    1301.43    1603.85   1452.639   151.2126     -0.047
Slit  1 Line  3   6749.3096  6750.6143   3341.480  -1.3046875 -7762627.0   1163.791  7947093.0    6590.87    6907.88   6749.373   158.5044     -0.086
Slit  1 Line  4   2141.8364  2142.2124   3018.360  -0.3759766    -5571.2      2.704     6005.2    1979.93    2300.90   2140.416   160.4817      0.078
Slit  1 Line  5   2379.0618  2381.1501   3035.780  -2.0883789   -27613.4     11.987    29432.0    2227.73    2531.14   2379.434   151.7085     -0.045
Slit  1 Line  6   5870.6289  5871.8335   3282.330  -1.2045898 -10467824.0   1807.000 10748960.0    5715.14    6026.30   5870.721   155.5815     -0.046
Slit  1 Line  7   3726.5625  3727.0852   3133.167  -0.5227051  -685352.8    187.724   713819.8    3575.04    3878.32   3726.679   151.6428      0.050
Slit  1 Line  8   5555.3291  5556.5435   3261.055  -1.2143555 -94116032.0  17179.156 96843584.0    5399.12    5716.66   5557.887   158.7710      0.031
Slit  1 Line  9   7688.6147  7689.2695   3403.652  -0.6547852 -4235176.5    556.501  4322613.5    7531.81    7846.05   7688.932   157.1191      0.065
Slit  2 Line  2    934.4703   934.6016   2967.280  -0.1312256 -1541994.5   1794.082  1811376.8     784.41    1084.71    934.564   150.1504     -0.077
Slit  2 Line  3   6237.0771  6239.0073   3341.480  -1.9301758 -6958461.5   1129.932  7137727.0    6078.97    6396.28   6237.625   158.6514     -0.120
Slit  2 Line  4   1623.4404  1625.5028   3018.360  -2.0623779    -4593.3      2.970     5045.0    1470.54    1774.71   1622.623   152.0879      0.028
Slit  2 Line  5   1859.9521  1860.6089   3035.780  -0.6567383   -21716.4     12.164    23533.1    1710.56    2009.26   1859.910   149.3459      0.035
Slit  2 Line  6   5356.3325  5357.7891   3282.330  -1.4565430 -9321448.0   1765.936  9597154.0    5200.41    5512.66   5356.536   156.1245     -0.058
Slit  2 Line  7   3208.3921  3208.1611   3133.167   0.2309570  -587529.6    187.543   615915.4    3057.09    3359.80   3208.447   151.3564      0.093
Slit  2 Line  8   5039.7866  5041.3223   3261.055  -1.5356445 -80077640.0  16137.210 82695576.0    4881.18    5205.64   5043.413   162.2295     -0.006
Slit  2 Line  9   7178.5132  7181.0815   3403.652  -2.5683594 -4228061.0    595.101  4316240.0    7030.69    7327.04   7178.862   148.1748      0.105
Slit  3 Line  2    450.5283   449.5999   2967.280   0.9284668  -685137.2   1831.650   965059.9     297.64     603.29    450.467   152.8254     -0.049
Slit  3 Line  3   5759.1196  5760.4463   3341.480  -1.3266602 -6499540.0   1144.372  6681419.5    5600.10    5917.97   5759.038   158.9341     -0.090
Slit  3 Line  4   1141.2491  1139.3741   3018.360   1.8750000    -3286.0      3.091     3761.6     986.10    1293.82   1139.962   153.8590     -0.026
Slit  3 Line  5   1376.4148  1375.7461   3035.780   0.6687012   -16130.7     12.410    18030.7    1223.27    1529.48   1376.378   153.1039      0.056
Slit  3 Line  6   4876.9922  4878.0947   3282.330  -1.1025391 -8499411.0   1771.315  8777599.0    4719.84    5033.94   4876.888   157.0513     -0.053
Slit  3 Line  7   2726.4341  2726.0369   3133.167   0.3972168  -504531.8    190.496   534159.6    2570.76    2881.82   2726.287   155.5303      0.091
Slit  3 Line  8   4560.1875  4564.2900   3261.055  -4.1025391 -74872952.0  16704.914 77592392.0    4400.69    4726.28   4563.488   162.7930     -0.013
Slit  3 Line  9   6703.5000  6700.8765   3403.652   2.6235352 -3776578.5    570.197  3867308.8    6543.73    6861.97   6702.853   159.1211      0.084
Slit  4 Line  3   5295.9561  5294.9297   3341.480   1.0263672 -6043491.0   1158.588  6227878.0    5136.68    5454.98   5295.828   159.1479     -0.006
Slit  4 Line  4    670.2304   670.5408   3018.360  -0.3104248    -1718.8      2.903     2169.0     514.61     824.84    669.727   155.1163     -0.024
Slit  4 Line  5    907.1833   905.9209   3035.780   1.2624512    -9970.4     12.008    11812.5     753.63    1060.45    907.036   153.4102      0.002
Slit  4 Line  6   4412.2505  4411.8071   3282.330   0.4433594 -7589705.0   1751.468  7865753.5    4254.53    4569.75   4412.145   157.6099     -0.039
Slit  4 Line  7   2258.2910  2257.5208   3133.167   0.7702637  -408688.2    187.354   437421.2    2104.68    2411.41   2258.045   153.3621      0.053
Slit  4 Line  8   4094.8330  4097.6084   3261.055  -2.7753906 -64433044.0  16043.109 67058152.0    3934.43    4261.69   4098.059   163.6284     -0.006
Slit  4 Line  9   6244.8413  6245.3140   3403.652  -0.4726562 -3352175.2    543.741  3439438.8    6084.78    6405.76   6245.270   160.4873      0.020
Slit  5 Line  3   4842.9966  4842.8159   3341.480   0.1806641 -5507229.0   1155.788  5687422.0    4686.96    4998.77   4842.863   155.9048     -0.030
Slit  5 Line  4    208.5874   207.3550   3018.360   1.2323761     -377.2      2.888      825.0      53.07     363.28    208.173   155.1081     -0.043
Slit  5 Line  5    445.3606   445.3790   3035.780  -0.0184021    -4386.1     11.863     6186.9     293.84     597.43    445.635   151.7993     -0.001
Slit  5 Line  6   3957.0972  3958.2207   3282.330  -1.1235352 -6735919.0   1736.346  7006252.0    3801.52    4112.90   3957.209   155.6907     -0.055
Slit  5 Line  7   1798.0281  1798.6395   3133.167  -0.6114502  -318553.7    185.075   347006.3    1644.35    1951.82   1798.085   153.7360      0.106
Slit  5 Line  8   3639.3569  3641.9336   3261.055  -2.5766602 -57427060.0  16123.657 60033740.0    3480.83    3804.17   3642.499   161.6682     -0.022
Slit  5 Line  9   5793.7598  5793.4727   3403.652   0.2871094 -3111672.0    544.379  3196224.8    5638.34    5948.98   5793.660   155.3198      0.045
