Slit equations
====================

                               Slit # 0
                               =======

Line 2 file W2025614.185 1878.9467 1879.4590 2967.280 -0.5123291
-3273618.8 1814.857 3546146.5 1728.71 2029.04 1878.872 150.1649

Line 3 file W3025614.185 7171.1875 7175.0771 3341.480 -3.8896484
-8928987.0 1258.180 9117840.0 7021.70 7321.90 7171.798 150.1001

Line 4 file W1026314.185 2567.9001 2565.1675 3018.360 2.7326660
-7505.8 3.016 7975.3 2411.00 2722.31 2566.656 155.6543

Line 5 file W2026314.185 2803.6382 2802.3706 3035.780 1.2675781
-33768.4 12.379 35641.9 2652.29 2955.01 2803.650 151.3569

Line 7 file W4025614.185 4151.2700 4152.0469 3133.167 -0.7768555
-778327.6 191.014 807609.0 3998.08 4304.67 4151.373 153.2949

Line 8 file W5025614.185 5980.0176 5985.1333 3261.055 -5.1157227
-104959632.0 17775.998 107758968.0 5825.83 6140.79 5983.310 157.4785

Wavelength versus step # constants: 2824.32 0.0775329 -7.56901e-07
Wavelength (given):   2967.28  3341.48  3018.36  3035.78  3133.17  3261.05
Wavelength (calc):    2967.32  3341.44  3018.34  3035.75  3133.15  3261.13
Accuracy(giv-cal):     -0.044    0.039    0.024    0.033    0.021   -0.073

                               Slit # 1
                               =======

Line 2 file W2125614.185 1452.6578 1452.7214 2967.280 -0.0635986
-2421385.2 1758.407 2687278.8 1301.43 1603.85 1452.639 151.2126

Line 3 file W3125614.185 6749.3096 6750.6143 3341.480 -1.3046875
-7762627.0 1163.791 7947093.0 6590.87 6907.88 6749.373 158.5044

Line 4 file W1126314.185 2141.8364 2142.2124 3018.360 -0.3759766
-5571.2 2.704 6005.2 1979.93 2300.90 2140.416 160.4817

Line 5 file W2126314.185 2379.0618 2381.1501 3035.780 -2.0883789
-27613.4 11.987 29432.0 2227.73 2531.14 2379.434 151.7085

Line 6 file W3126314.185 5870.6289 5871.8335 3282.330 -1.2045898
-10467824.0 1807.000 10748960.0 5715.14 6026.30 5870.721 155.5815

Line 7 file W4125614.185 3726.5625 3727.0852 3133.167 -0.5227051
-685352.8 187.724 713819.8 3575.04 3878.32 3726.679 151.6428

Line 8 file W5125614.185 5555.3291 5556.5435 3261.055 -1.2143555
-94116032.0 17179.156 96843584.0 5399.12 5716.66 5557.887 158.7710

Line 9 file W6125614.185 7688.6147 7689.2695 3403.652 -0.6547852
-4235176.5 556.501 4322613.5 7531.81 7846.05 7688.932 157.1191

Wavelength versus step # constants: 2857.39 0.0767623 -7.44644e-07
Wavelength (given):   2967.28  3341.48  3018.36  3035.78  3282.33  3133.17  3261.05  3403.65
Wavelength (calc):    2967.33  3341.57  3018.28  3035.83  3282.38  3133.12  3261.02  3403.59
Accuracy(giv-cal):     -0.047   -0.086    0.078   -0.045   -0.046    0.050    0.031    0.065

                               Slit # 2
                               =======

Line 2 file W2225614.185 934.4703 934.6016 2967.280 -0.1312256
-1541994.5 1794.082 1811376.8 784.41 1084.71 934.564 150.1504

Line 3 file W3225614.185 6237.0771 6239.0073 3341.480 -1.9301758
-6958461.5 1129.932 7137727.0 6078.97 6396.28 6237.625 158.6514

Line 4 file W1226314.185 1623.4404 1625.5028 3018.360 -2.0623779
-4593.3 2.970 5045.0 1470.54 1774.71 1622.623 152.0879

Line 5 file W2226314.185 1859.9521 1860.6089 3035.780 -0.6567383
-21716.4 12.164 23533.1 1710.56 2009.26 1859.910 149.3459

Line 6 file W3226314.185 5356.3325 5357.7891 3282.330 -1.4565430
-9321448.0 1765.936 9597154.0 5200.41 5512.66 5356.536 156.1245

Line 7 file W4225614.185 3208.3921 3208.1611 3133.167 0.2309570
-587529.6 187.543 615915.4 3057.09 3359.80 3208.447 151.3564

Line 8 file W5225614.185 5039.7866 5041.3223 3261.055 -1.5356445
-80077640.0 16137.210 82695576.0 4881.18 5205.64 5043.413 162.2295

Line 9 file W6225614.185 7178.5132 7181.0815 3403.652 -2.5683594
-4228061.0 595.101 4316240.0 7030.69 7327.04 7178.862 148.1748

Wavelength versus step # constants: 2896.96 0.0760344 -7.61723e-07
Wavelength (given):   2967.28  3341.48  3018.36  3035.78  3282.33  3133.17  3261.05  3403.65
Wavelength (calc):    2967.36  3341.60  3018.33  3035.75  3282.39  3133.07  3261.06  3403.55
Accuracy(giv-cal):     -0.077   -0.120    0.028    0.035   -0.058    0.093   -0.006    0.105

                               Slit # 3
                               =======

Line 2 file W2325614.185 450.5283 449.5999 2967.280 0.9284668
-685137.2 1831.650 965059.9 297.64 603.29 450.467 152.8254

Line 3 file W3325614.185 5759.1196 5760.4463 3341.480 -1.3266602
-6499540.0 1144.372 6681419.5 5600.10 5917.97 5759.038 158.9341

Line 4 file W1326314.185 1141.2491 1139.3741 3018.360 1.8750000
-3286.0 3.091 3761.6 986.10 1293.82 1139.962 153.8590

Line 5 file W2326314.185 1376.4148 1375.7461 3035.780 0.6687012
-16130.7 12.410 18030.7 1223.27 1529.48 1376.378 153.1039

Line 6 file W3326314.185 4876.9922 4878.0947 3282.330 -1.1025391
-8499411.0 1771.315 8777599.0 4719.84 5033.94 4876.888 157.0513

Line 7 file W4325614.185 2726.4341 2726.0369 3133.167 0.3972168
-504531.8 190.496 534159.6 2570.76 2881.82 2726.287 155.5303

Line 8 file W5325614.185 4560.1875 4564.2900 3261.055 -4.1025391
-74872952.0 16704.914 77592392.0 4400.69 4726.28 4563.488 162.7930

Line 9 file W6325614.185 6703.5000 6700.8765 3403.652 2.6235352
-3776578.5 570.197 3867308.8 6543.73 6861.97 6702.853 159.1211

Wavelength versus step # constants: 2933.58 0.075273 -7.69071e-07
Wavelength (given):   2967.28  3341.48  3018.36  3035.78  3282.33  3133.17  3261.05  3403.65
Wavelength (calc):    2967.33  3341.57  3018.39  3035.72  3282.38  3133.08  3261.07  3403.57
Accuracy(giv-cal):     -0.049   -0.090   -0.026    0.056   -0.053    0.091   -0.013    0.084

                               Slit # 4
                               =======

Line 3 file W3425614.185 5295.9561 5294.9297 3341.480 1.0263672
-6043491.0 1158.588 6227878.0 5136.68 5454.98 5295.828 159.1479

Line 4 file W1426314.185 670.2304 670.5408 3018.360 -0.3104248
-1718.8 2.903 2169.0 514.61 824.84 669.727 155.1163

Line 5 file W2426314.185 907.1833 905.9209 3035.780 1.2624512
-9970.4 12.008 11812.5 753.63 1060.45 907.036 153.4102

Line 6 file W3426314.185 4412.2505 4411.8071 3282.330 0.4433594
-7589705.0 1751.468 7865753.5 4254.53 4569.75 4412.145 157.6099

Line 7 file W4425614.185 2258.2910 2257.5208 3133.167 0.7702637
-408688.2 187.354 437421.2 2104.68 2411.41 2258.045 153.3621

Line 8 file W5425614.185 4094.8330 4097.6084 3261.055 -2.7753906
-64433044.0 16043.109 67058152.0 3934.43 4261.69 4098.059 163.6284

Line 9 file W6425614.185 6244.8413 6245.3140 3403.652 -0.4726562
-3352175.2 543.741 3439438.8 6084.78 6405.76 6245.270 160.4873

Wavelength versus step # constants: 2968.82 0.0745376 -7.86903e-07
Wavelength (given):   3341.48  3018.36  3035.78  3282.33  3133.17  3261.05  3403.65
Wavelength (calc):    3341.49  3018.38  3035.78  3282.37  3133.11  3261.06  3403.63
Accuracy(giv-cal):     -0.006   -0.024    0.002   -0.039    0.053   -0.006    0.020

                               Slit # 5
                               =======

Line 3 file W3525614.185 4842.9966 4842.8159 3341.480 0.1806641
-5507229.0 1155.788 5687422.0 4686.96 4998.77 4842.863 155.9048

Line 4 file W1526314.185 208.5874 207.3550 3018.360 1.2323761
-377.2 2.888 825.0 53.07 363.28 208.173 155.1081

Line 5 file W2526314.185 445.3606 445.3790 3035.780 -0.0184021
-4386.1 11.863 6186.9 293.84 597.43 445.635 151.7993

Line 6 file W3526314.185 3957.0972 3958.2207 3282.330 -1.1235352
-6735919.0 1736.346 7006252.0 3801.52 4112.90 3957.209 155.6907

Line 7 file W4525614.185 1798.0281 1798.6395 3133.167 -0.6114502
-318553.7 185.075 347006.3 1644.35 1951.82 1798.085 153.7360

Line 8 file W5525614.185 3639.3569 3641.9336 3261.055 -2.5766602
-57427060.0 16123.657 60033740.0 3480.83 3804.17 3642.499 161.6682

Line 9 file W6525614.185 5793.7598 5793.4727 3403.652 0.2871094
-3111672.0 544.379 3196224.8 5638.34 5948.98 5793.660 155.3198

Wavelength versus step # constants: 3003.10 0.0736976 -7.88503e-07
Wavelength (given):   3341.48  3018.36  3035.78  3282.33  3133.17  3261.05  3403.65
Wavelength (calc):    3341.51  3018.40  3035.78  3282.38  3133.06  3261.08  3403.61
Accuracy(giv-cal):     -0.030   -0.043   -0.001   -0.055    0.106   -0.022    0.045

  Original O3 weight    0.00    0.00   -1.00    0.50    2.20   -1.70
 Original SO2 weight    0.00   -1.00    0.00    0.00    4.20   -3.20

1016 Wavelength(A) 3031.74 3062.78 3100.23 3134.69 3167.77 3199.73 SO2: 1.1560
     Resolution(A)   11.23   11.22   10.95   11.04   10.97   10.78
     O3 Abs (1/cm)  2.6255  1.7847  1.0060  0.6779  0.3749  0.2956  O3: 0.3448
     SO2Abs (1/cm)  2.6421  6.5246  1.9693  1.8653  0.9838  0.5591
 Ozone weighting:     0.00    0.00   -1.00    0.13    2.90   -2.03  O3: 0.4307 0.5 -0.2
 SO2   weighting:     0.00   -1.00    0.00    0.00    4.44   -3.44 SO2: 1.1370 -0.4 0.0
 Rayleigh coeff.:     5328    5098    4837    4612    4408    4222  -3.3 /   -6.0 (DU)
 Rayleigh orign.:        0    4870    4620    4410    4220    4040  +0.3 /   -2.4 (DU)

1017 Wavelength(A) 3031.81 3062.86 3100.30 3134.76 3167.84 3199.80 SO2: 1.1529
     Resolution(A)   11.23   11.22   10.95   11.04   10.96   10.78
     O3 Abs (1/cm)  2.6230  1.7832  1.0057  0.6777  0.3749  0.2951  O3: 0.3437
     SO2Abs (1/cm)  2.6209  6.5626  1.9793  1.8470  0.9868  0.5535
 Ozone weighting:     0.00    0.00   -1.00    0.11    2.94   -2.05  O3: 0.4339 0.5 -0.2
 SO2   weighting:     0.00   -1.00    0.00    0.00    4.44   -3.44 SO2: 1.1338 -0.4 0.0
 Rayleigh coeff.:     5327    5097    4837    4611    4408    4222  -3.3 /   -6.0 (DU)
 Rayleigh orign.:        0    4870    4620    4410    4220    4040  +0.3 /   -2.4 (DU)

1018 Wavelength(A) 3031.89 3062.93 3100.37 3134.83 3167.91 3199.87 SO2: 1.1497
     Resolution(A)   11.23   11.22   10.95   11.04   10.96   10.78
     O3 Abs (1/cm)  2.6204  1.7817  1.0054  0.6774  0.3750  0.2946  O3: 0.3427
     SO2Abs (1/cm)  2.5995  6.5986  1.9891  1.8288  0.9898  0.5478
 Ozone weighting:     0.00    0.00   -1.00    0.09    2.98   -2.07  O3: 0.4370 0.5 -0.2
 SO2   weighting:     0.00   -1.00    0.00    0.00    4.44   -3.44 SO2: 1.1304 -0.4 0.0
 Rayleigh coeff.:     5327    5097    4836    4611    4407    4221  -3.3 /   -6.0 (DU)
 Rayleigh orign.:        0    4870    4620    4410    4220    4040  +0.3 /   -2.4 (DU)

1019 Wavelength(A) 3031.96 3063.00 3100.44 3134.90 3167.98 3199.94 SO2: 1.1464
     Resolution(A)   11.23   11.22   10.95   11.04   10.96   10.78
     O3 Abs (1/cm)  2.6178  1.7800  1.0051  0.6771  0.3750  0.2942  O3: 0.3416
     SO2Abs (1/cm)  2.5782  6.6322  1.9992  1.8111  0.9929  0.5421
 Ozone weighting:     0.00    0.00   -1.00    0.06    3.04   -2.10  O3: 0.4422 0.5 -0.2
 SO2   weighting:     0.00   -1.00    0.00    0.00    4.44   -3.44 SO2: 1.1270 -0.4 0.0
 Rayleigh coeff.:     5326    5096    4836    4611    4407    4221  -3.3 /   -6.1 (DU)
 Rayleigh orign.:        0    4870    4620    4410    4220    4040  +0.3 /   -2.5 (DU)

1020 Wavelength(A) 3032.03 3063.07 3100.51 3134.97 3168.06 3200.01 SO2: 1.1429
     Resolution(A)   11.23   11.22   10.95   11.04   10.96   10.78
     O3 Abs (1/cm)  2.6151  1.7783  1.0048  0.6768  0.3751  0.2937  O3: 0.3406
     SO2Abs (1/cm)  2.5577  6.6657  2.0107  1.7933  0.9959  0.5363
 Ozone weighting:     0.00    0.00   -1.00    0.03    3.10   -2.13  O3: 0.4474 0.5 -0.2
 SO2   weighting:     0.00   -1.00    0.00    0.00    4.44   -3.44 SO2: 1.1234 -0.4 0.0
 Rayleigh coeff.:     5326    5096    4835    4610    4407    4221  -3.3 /   -6.1 (DU)
 Rayleigh orign.:        0    4870    4620    4410    4220    4040  +0.3 /   -2.5 (DU)

1021 Wavelength(A) 3032.11 3063.15 3100.58 3135.05 3168.13 3200.08 SO2: 1.1395
     Resolution(A)   11.23   11.22   10.94   11.03   10.96   10.78
     O3 Abs (1/cm)  2.6124  1.7767  1.0045  0.6765  0.3751  0.2932  O3: 0.3395
     SO2Abs (1/cm)  2.5388  6.6979  2.0223  1.7754  0.9988  0.5304
 Ozone weighting:     0.00    0.00   -1.00    0.00    3.16   -2.16  O3: 0.4525 577.0 1140.2
 SO2   weighting:     0.00   -1.00    0.00    0.00    4.44   -3.44 SO2: 1.1199 -0.4 0.0
 Rayleigh coeff.:     5325    5095    4835    4610    4406    4220  -3.3 /   -6.2 (DU)
 Rayleigh orign.:        0    4870    4620    4410    4220    4040  +0.3 /   -2.6 (DU)

1022 Wavelength(A) 3032.18 3063.22 3100.66 3135.12 3168.20 3200.15 SO2: 1.1360
     Resolution(A)   11.23   11.21   10.94   11.03   10.96   10.78
     O3 Abs (1/cm)  2.6100  1.7752  1.0042  0.6761  0.3752  0.2927  O3: 0.3384
     SO2Abs (1/cm)  2.5198  6.7284  2.0337  1.7575  1.0016  0.5246
 Ozone weighting:     0.00    0.00   -1.00   -0.04    3.25   -2.21  O3: 0.4588 0.5 -0.2
 SO2   weighting:     0.00   -1.00    0.00    0.00    4.44   -3.44 SO2: 1.1163 -0.3 0.0
 Rayleigh coeff.:     5325    5095    4834    4609    4406    4220  -3.3 /   -5.9 (DU)
 Rayleigh orign.:        0    4870    4620    4410    4220    4040  +0.3 /   -2.2 (DU)

1023 Wavelength(A) 3032.25 3063.29 3100.73 3135.19 3168.27 3200.22 SO2: 1.1323
     Resolution(A)   11.23   11.21   10.94   11.03   10.96   10.78
     O3 Abs (1/cm)  2.6076  1.7736  1.0039  0.6757  0.3753  0.2922  O3: 0.3371
     SO2Abs (1/cm)  2.5009  6.7555  2.0452  1.7409  1.0044  0.5187
 Ozone weighting:     0.00    0.00   -1.00   -0.09    3.35   -2.26  O3: 0.4678 0.5 -0.2
 SO2   weighting:     0.00   -1.00    0.00    0.00    4.44   -3.44 SO2: 1.1123 -0.3 0.0
 Rayleigh coeff.:     5324    5094    4834    4609    4405    4220  -3.3 /   -5.9 (DU)
 Rayleigh orign.:        0    4870    4620    4410    4220    4040  +0.3 /   -2.3 (DU)

1024 Wavelength(A) 3032.33 3063.36 3100.80 3135.26 3168.34 3200.29 SO2: 1.1284
     Resolution(A)   11.23   11.21   10.94   11.03   10.96   10.78
     O3 Abs (1/cm)  2.6053  1.7720  1.0036  0.6752  0.3754  0.2916  O3: 0.3358
     SO2Abs (1/cm)  2.4826  6.7825  2.0588  1.7238  1.0072  0.5127
 Ozone weighting:     0.00    0.00   -1.00   -0.15    3.47   -2.32  O3: 0.4788 0.5 -0.2
 SO2   weighting:     0.00   -1.00    0.00    0.00    4.44   -3.44 SO2: 1.1083 -0.3 0.0
 Rayleigh coeff.:     5323    5094    4833    4608    4405    4219  -3.3 /   -6.0 (DU)
 Rayleigh orign.:        0    4870    4620    4410    4220    4040  +0.3 /   -2.4 (DU)

Umkher:
1020 Wavelength(A) 3032.03 3063.07 3100.51 3134.97 3168.06 3200.01 SO2: 1.1429
     Resolution(A)   11.23   11.22   10.95   11.04   10.96   10.78
log(10)*O3abs       6.0215  4.0948  2.3137  1.5585  0.8636  0.6763  O3: 0.7842
 Ozone weighting:     0.00    0.00   -1.00    0.03    3.10   -2.13  O3: 1.0302
 SO2   weighting:     0.00   -1.00    0.00    0.00    4.44   -3.44 SO2: 1.1234
 Rayleigh coeff.:     5326    5096    4835    4610    4407    4221

Umkher:
2425 Wavelength(A) 3133.62 3163.69 3199.94 3233.27 3265.14 3295.90 SO2: 0.3151
     Resolution(A)   10.92   10.96   10.70   10.83   10.74   10.49
log(10)*O3abs       1.5633  0.9120  0.6777  0.2849  0.1030  0.0768  O3: 0.1908
 Rayleigh coeff.:     4619    4433    4221    4038    3872    3720

Zero = 1733   CalStep = 1020   UmkOffset = 2425  NO2 switch = 2509

For umksetup:
 4.0948   2.3137   1.5585   0.8636  
 0.6777   0.2849   0.1030   0.0768  

