 2865  4368.085
 2870  4376.817
 2875  4385.703
 2880  4394.742
 2885  4403.930
 2890  4413.262
 2895  4422.736
 2900  4432.347
 2905  4442.133
 2910  4452.114
 2915  4462.264
 2920  4472.554
 2925  4482.958
 2930  4493.448
 2935  4503.999
 2940  4515.124
 2945  4527.021
 2950  4539.188
 2955  4551.123
 2960  4562.322
 2965  4572.282
 2970  4580.502
 2975  4586.937
 2980  4592.203
 2985  4596.782
 2990  4601.161
 2995  4605.824
 3000  4611.255
 3005  4617.939
 3010  4627.725
 3015  4641.066
 3020  4656.350
 3025  4671.966
 3030  4686.305
 3035  4697.755
 3040  4704.705
 3045  4708.205
 3050  4710.661
 3055  4712.501
 3060  4714.150
 3065  4716.035
 3070  4718.583
 3075  4722.220
 3080  4731.031
 3085  4746.926
 3090  4767.077
 3095  4788.655
 3100  4808.831
 3105  4824.777
 3110  4833.662
 3115  4837.460
 3120  4840.264
 3125  4842.422
 3130  4844.285
 3135  4846.200
 3140  4848.518
 3145  4851.588
 3150  4855.700
 3155  4860.763
 3160  4866.554
 3165  4872.850
 3170  4879.426
 3175  4886.059
 3180  4892.527
 3185  4899.571
 3190  4907.645
 3195  4916.092
 3200  4924.257
 3205  4931.481
 3210  4937.109
 3215  4940.484
 3220  4942.186
 3225  4943.372
 3230  4944.250
 3235  4945.027
 3240  4945.910
 3245  4947.105
 3250  4948.820
 3255  4952.731
 3260  4959.623
 3265  4968.369
 3270  4977.841
 3275  4986.913
 3280  4994.457
 3285  4999.346
 3290  5002.156
 3295  5004.356
 3300  5006.159
 3305  5007.778
 3310  5009.425
 3315  5011.313
 3320  5013.654
 3325  5017.036
 3330  5021.513
 3335  5026.495
 3340  5031.395
 3345  5035.623
 3350  5038.591
 3355  5039.712
 3360  5039.658
 3365  5039.519
 3370  5039.329
 3375  5039.123
 3380  5038.933
 3385  5038.794
 3390  5038.740
 3395  5039.830
 3400  5042.641
 3405  5046.485
 3410  5050.673
 3415  5054.516
 3420  5057.327
 3425  5058.417
 3430  5057.875
 3435  5056.477
 3440  5054.564
 3445  5052.481
 3450  5050.569
 3455  5049.171
 3460  5048.628
 3465  5048.754
 3470  5049.146
 3475  5049.826
 3480  5050.817
 3485  5052.140
 3490  5053.819
 3495  5055.875
 3500  5058.330
 3505  4961.129
 3510  4955.466
 3515  4950.461
 3520  4946.276
 3525  4943.076
 3530  4941.022
 3535  4939.815
 3540  4938.951
 3545  4938.300
 3550  4937.726
 3555  4937.097
 3560  4936.280
 3565  4935.140
 3570  4933.298
 3575  4930.600
 3580  4927.255
 3585  4923.468
 3590  4919.447
 3595  4915.399
 3600  4911.531
 3605  4907.758
 3610  4903.861
 3615  4899.846
 3620  4895.716
 3625  4891.476
 3630  4887.130
 3635  4882.684
