   2865  7450.020
   2870  7467.627
   2875  7482.609
   2880  7495.272
   2885  7505.902
   2890  7514.762
   2895  7522.092
   2900  7528.116
   2905  7533.033
   2910  7537.028
   2915  7540.266
   2920  7542.894
   2925  7545.046
   2930  7546.837
   2935  7548.372
   2940  7549.739
   2945  7551.018
   2950  7552.274
   2955  7553.562
   2960  7554.930
   2965  7556.415
   2970  7558.046
   2975  7559.846
   2980  7561.829
   2985  7564.005
   2990  7566.379
   2995  7568.950
   3000  7571.713
   3005  7574.660
   3010  7577.779
   3015  7581.056
   3020  7584.474
   3025  7588.015
   3030  7591.659
   3035  7595.385
   3040  7599.171
   3045  7602.995
   3050  7606.835
   3055  7610.667
   3060  7614.471
   3065  7618.223
   3070  7621.904
   3075  7625.493
   3080  7628.972
   3085  7632.321
   3090  7635.525
   3095  7638.568
   3100  7641.437
   3105  7644.120
   3110  7646.605
   3115  7648.883
   3120  7650.947
   3125  7652.791
   3130  7654.412
   3135  7655.805
   3140  7656.970
   3145  7657.907
   3150  7658.618
   3155  7659.107
   3160  7659.376
   3165  7659.433
   3170  7659.283
   3175  7658.935
   3180  7658.396
   3185  7657.676
   3190  7656.786
   3195  7655.735
   3200  7654.534
   3205  7653.195
   3210  7651.729
   3215  7650.147
   3220  7648.460
   3225  7646.680
   3230  7644.817
   3235  7642.882
   3240  7640.883
   3245  7638.830
   3250  7636.731
   3255  7634.593
   3260  7632.423
   3265  7630.225
   3270  7628.004
   3275  7625.762
   3280  7623.501
   3285  7621.220
   3290  7618.919
   3295  7616.595
   3300  7614.245
   3305  7611.861
   3310  7609.438
   3315  7606.967
   3320  7604.439
   3325  7601.844
   3330  7599.168
   3335  7596.398
   3340  7593.522
   3345  7590.523
   3350  7587.386
   3355  7584.095
   3360  7580.634
   3365  7576.985
   3370  7573.133
   3375  7569.060
   3380  7564.753
   3385  7560.196
   3390  7555.376
   3395  7550.282
   3400  7544.904
   3405  7539.236
   3410  7533.274
   3415  7527.016
   3420  7520.467
   3425  7513.633
   3430  7506.528
   3435  7499.169
   3440  7491.581
   3445  7483.794
   3450  7475.847
   3455  7467.785
   3460  7459.663
   3465  7451.547
   3470  7443.510
   3475  7435.637
   3480  7428.028
   3485  7420.792
   3490  7414.053
   3495  7407.951
   3500  7402.640
   3505  7080.774
   3510  7070.614
   3515  7060.390
   3520  7050.104
   3525  7039.755
   3530  7029.343
   3535  7018.870
   3540  7008.335
   3545  6997.739
   3550  6987.081
   3555  6976.363
   3560  6965.585
   3565  6954.747
   3570  6943.849
   3575  6932.891
   3580  6921.875
   3585  6910.800
   3590  6899.666
   3595  6888.475
   3600  6877.226
   3605  6865.919
   3610  6854.556
   3615  6843.136
   3620  6831.660
   3625  6820.127
   3630  6808.540
   3635  6796.896
