 2865          7944.569 
 2870          8004.484 
 2875          8050.251 
 2880          8084.038 
 2885          8107.823 
 2890          8123.388 
 2895          8132.315 
 2900          8135.995 
 2905          8135.633 
 2910          8132.267 
 2915          8126.775 
 2920          8119.893 
 2925          8112.229 
 2930          8104.276 
 2935          8096.426 
 2940          8088.983 
 2945          8082.175 
 2950          8076.164 
 2955          8071.054 
 2960          8066.905 
 2965          8063.733 
 2970          8061.526 
 2975          8060.242 
 2980          8059.821 
 2985          8060.187 
 2990          8061.249 
 2995          8062.912 
 3000          8065.076 
 3005          8067.637 
 3010          8070.494 
 3015          8073.548 
 3020          8076.703 
 3025          8079.872 
 3030          8082.971 
 3035          8085.926 
 3040          8088.673 
 3045          8091.153 
 3050          8093.319 
 3055          8095.131 
 3060          8096.56 
 3065          8097.583 
 3070          8098.19 
 3075          8098.373 
 3080          8098.136 
 3085          8097.486 
 3090          8096.44 
 3095          8095.019 
 3100          8093.246 
 3105          8091.15 
 3110          8088.765 
 3115          8086.124 
 3120          8083.263 
 3125          8080.221 
 3130          8077.034 
 3135          8073.739 
 3140          8070.375 
 3145          8066.974 
 3150          8063.571 
 3155          8060.196 
 3160          8056.878 
 3165          8053.643 
 3170          8050.511 
 3175          8047.502 
 3180          8044.631 
 3185          8041.91 
 3190          8039.345 
 3195          8036.942 
 3200          8034.701 
 3205          8032.618 
 3210          8030.688 
 3215          8028.901 
 3220          8027.245 
 3225          8025.704 
 3230          8024.261 
 3235          8022.896 
 3240          8021.59 
 3245          8020.318 
 3250          8019.059 
 3255          8017.787 
 3260          8016.479 
 3265          8015.11 
 3270          8013.657 
 3275          8012.098 
 3280          8010.411 
 3285          8008.577 
 3290          8006.577 
 3295          8004.396 
 3300          8002.021 
 3305          7999.441 
 3310          7996.649 
 3315          7993.64 
 3320          7990.41 
 3325          7986.962 
 3330          7983.299 
 3335          7979.429 
 3340          7975.359 
 3345          7971.103 
 3350          7966.674 
 3355          7962.088 
 3360          7957.363 
 3365          7952.517 
 3370          7947.568 
 3375          7942.538 
 3380          7937.442 
 3385          7932.3 
 3390          7927.127 
 3395          7921.935 
 3400          7916.735 
 3405          7911.531 
 3410          7906.325 
 3415          7901.112 
 3420          7895.881 
 3425          7890.614 
 3430          7885.285 
 3435          7879.859 
 3440          7874.293 
 3445          7868.534 
 3450          7862.518 
 3455          7856.171 
 3460          7849.408 
 3465          7842.134 
 3470          7834.241 
 3475          7825.612 
 3480          7816.12 
 3485          7805.627 
 3490          7793.987 
 3495          7781.048 
 3500          7766.651 
 3505          7434.925 
 3510          7425.52 
 3515          7416.208 
 3520          7406.956 
 3525          7397.729 
 3530          7388.497 
 3535          7379.225 
 3540          7369.881 
 3545          7360.433 
 3550          7350.847 
 3555          7341.093 
 3560          7331.138 
 3565          7320.95 
 3570          7310.498 
 3575          7299.75 
 3580          7288.675 
 3585          7277.243 
 3590          7265.423 
 3595          7253.184 
 3600          7240.497 
 3605          7227.331 
 3610          7213.657 
 3615          7199.446 
 3620          7184.669 
 3625          7169.299 
 3630          7153.307 
