 2865.0  7473.016
 2870.0  7489.649
 2875.0  7504.504
 2880.0  7517.726
 2885.0  7529.452
 2890.0  7539.813
 2895.0  7548.930
 2900.0  7556.921
 2905.0  7563.893
 2910.0  7569.949
 2915.0  7575.184
 2920.0  7579.686
 2925.0  7583.540
 2930.0  7586.821
 2935.0  7589.599
 2940.0  7591.941
 2945.0  7593.906
 2950.0  7595.548
 2955.0  7596.918
 2960.0  7598.060
 2965.0  7599.016
 2970.0  7599.822
 2975.0  7600.510
 2980.0  7601.109
 2985.0  7601.645
 2990.0  7602.140
 2995.0  7602.613
 3000.0  7603.080
 3005.0  7603.554
 3010.0  7604.046
 3015.0  7604.566
 3020.0  7605.118
 3025.0  7605.709
 3030.0  7606.340
 3035.0  7607.013
 3040.0  7607.726
 3045.0  7608.480
 3050.0  7609.269
 3055.0  7610.091
 3060.0  7610.939
 3065.0  7611.809
 3070.0  7612.693
 3075.0  7613.584
 3080.0  7614.475
 3085.0  7615.356
 3090.0  7616.220
 3095.0  7617.058
 3100.0  7617.861
 3105.0  7618.619
 3110.0  7619.324
 3115.0  7619.967
 3120.0  7620.539
 3125.0  7621.031
 3130.0  7621.435
 3135.0  7621.742
 3140.0  7621.946
 3145.0  7622.037
 3150.0  7622.011
 3155.0  7621.859
 3160.0  7621.576
 3165.0  7621.156
 3170.0  7620.594
 3175.0  7619.886
 3180.0  7619.027
 3185.0  7618.015
 3190.0  7616.847
 3195.0  7615.519
 3200.0  7614.031
 3205.0  7612.382
 3210.0  7610.570
 3215.0  7608.597
 3220.0  7606.462
 3225.0  7604.166
 3230.0  7601.712
 3235.0  7599.100
 3240.0  7596.335
 3245.0  7593.418
 3250.0  7590.353
 3255.0  7587.144
 3260.0  7583.796
 3265.0  7580.311
 3270.0  7576.695
 3275.0  7572.953
 3280.0  7569.090
 3285.0  7565.112
 3290.0  7561.022
 3295.0  7556.828
 3300.0  7552.534
 3305.0  7548.146
 3310.0  7543.668
 3315.0  7539.107
 3320.0  7534.467
 3325.0  7529.753
 3330.0  7524.970
 3335.0  7520.121
 3340.0  7515.211
 3345.0  7510.242
 3350.0  7505.218
 3355.0  7500.141
 3360.0  7495.013
 3365.0  7489.835
 3370.0  7484.608
 3375.0  7479.331
 3380.0  7474.003
 3385.0  7468.622
 3390.0  7463.186
 3395.0  7457.691
 3400.0  7452.132
 3405.0  7446.503
 3410.0  7440.799
 3415.0  7435.010
 3420.0  7429.129
 3425.0  7423.144
 3430.0  7417.045
 3435.0  7410.819
 3440.0  7404.452
 3445.0  7397.929
 3450.0  7391.232
 3455.0  7384.345
 3460.0  7377.248
 3465.0  7369.919
 3470.0  7362.337
 3475.0  7354.479
 3480.0  7346.317
 3485.0  7337.827
 3490.0  7328.980
 3495.0  7319.746
 3500.0  7310.094
 3505.0  6993.697
 3510.0  6983.875
 3515.0  6973.896
 3520.0  6963.762
 3525.0  6953.473
 3530.0  6943.029
 3535.0  6932.432
 3540.0  6921.682
 3545.0  6910.781
 3550.0  6899.728
 3555.0  6888.525
 3560.0  6877.172
 3565.0  6865.670
 3570.0  6854.020
 3575.0  6842.224
 3580.0  6830.280
 3585.0  6818.192
 3590.0  6805.958
 3595.0  6793.581
 3600.0  6781.061
 3605.0  6768.399
 3610.0  6755.595
 3615.0  6742.652
 3620.0  6729.568
 3625.0  6716.347
 3630.0  6702.988
 3635.0  6689.492
